1.511
1.451
1.421
1.552
1.446
1.425
1.386
1.394
1.275
1.382
1.282
1.386
1.392
1.370
1.278
1.350
1.346
1.483
1.510
1.461
1.467
5.018
1.423
1.412
1.623
1.451
1.431
1.453
1.330
1.270
1.418
1.351
1.500
1.420
1.431
1.309
1.401
1.351
1.453
1.370
1.544
1.385
1.416
1.424
1.451
1.308
1.469
1.327
1.306
1.293
1.338
1.428
1.394
1.377
1.411
1.408
1.433
1.392
1.373
1.434
1.310
1.428
1.369
1.504
1.429
1.444
1.375
1.250
1.319
1.461
1.341
1.424
1.392
1.368
1.420
1.389
1.390
1.423
1.281
1.341
1.378
1.335
1.320
1.351
1.396
1.516
1.468
1.470
1.424
1.512
1.363
1.620
1.465
1.749
1.420
1.340
1.464
1.385
1.370
1.372
1.706
1.413
1.580
1.423
1.485
1.380
1.312
1.455
1.294
1.440
1.410
1.358
1.452
1.483
1.605
1.519
1.411
1.474
1.387
1.380
1.400
1.272
1.400
1.413
1.435
1.407
1.382
1.329
1.339
1.310
1.550
1.401
1.494
1.294
1.285
1.432
1.315
1.285
1.392
1.418
1.381
1.314
1.458
1.332
1.343
1.337
1.455
1.317
1.451
1.414
1.404
1.447
1.476
1.497
1.502
1.481
1.463
1.339
1.675
1.533
1.562
1.574
1.432
1.316
1.443
1.299
1.457
1.450
1.294
1.522
1.445
1.425
1.453
1.408
1.304
1.466
1.439
1.306
1.424
1.350
1.410
1.475
1.343
1.333
1.386
1.380
1.349
1.295
1.332
1.336
1.404
1.471
1.434
1.387
1.405
1.391
1.301
1.428
1.319
1.520
1.484
1.688
1.431
1.397
1.973
1.530
1.446
1.465
1.488
1.396
1.423
1.425
1.460
1.469
1.430
1.338
1.390
1.441
1.390
1.342
1.420
1.491
1.421
1.493
1.411
1.392
1.302
1.362
1.417
1.389
1.413
1.434
1.384
1.403
1.403
1.473
1.386
1.405
1.545
1.452
1.511
1.502
1.494
1.477
1.565
1.554
1.527
1.389
1.425
1.402
1.539
1.471
1.401
1.498
1.406
1.419
1.449
1.439
1.454
1.411
1.460
1.306
1.374
1.303
1.420
1.389
1.430
1.457
1.427
1.326
1.408
1.463
1.448
1.442
1.449
1.385
1.402
1.461
1.527
1.379
1.549
1.539
1.347
1.401
1.356
1.388
1.355
1.392
1.426
1.362
1.319
1.398
1.474
1.393
1.380
1.420
1.397
5.000
1.522
1.445
1.389
1.401
1.392
1.474
1.471
1.471
1.416
1.605
1.448
1.459
1.415
1.375
1.509
1.442
5.014
1.148
1.302
1.375
1.574
1.584
1.397
1.432
1.461
1.415
1.319
1.409
1.333
1.387
1.844
1.422
1.363
1.459
1.361
1.372
1.478
1.457
1.418
1.399
1.486
1.539
1.468
1.399
1.356
1.414
1.477
1.419
2.169
1.340
1.369
1.422
1.435
1.369
1.314
1.457
1.457
1.454
1.434
1.521
1.837
1.357
1.448
1.471
1.391
1.436
1.419
1.425
1.469
1.704
1.261
1.404
1.397
1.337
1.376
1.467
1.379
1.792
1.416
1.412
1.366
1.305
1.651
1.264
1.267
1.380
1.418
1.405
1.427
1.401
1.409
1.484
1.434
1.388
1.296
1.473
1.284
1.363
1.391
1.367
1.582
1.443
1.408
1.410
1.383
1.367
1.266
1.492
1.475
1.454
1.478
1.444
1.466
1.290
1.391
1.317
1.286
1.329
1.479
1.258
1.382
1.437
1.433
1.435
1.376
1.415
1.452
1.430
1.480
1.466
1.415
1.422
1.453
1.798
1.328
11.522
1.406
1.346
1.353
1.331
1.414
1.354
1.308
1.430
1.441
1.429
1.415
1.349
1.510
1.420
1.429
1.422
1.690
2.184
1.796
1.678
1.716
1.883
1.864
1.846
1.958
1.809
1.781
1.804
1.881
1.831
1.888
1.768
1.849
1.824
1.667
1.859
1.937
1.807
1.676
1.688
1.818
1.848
1.908
1.725
1.711
1.853
1.808
1.925
1.992
1.704
1.897
2.206
1.823
1.703
1.799
1.834
1.841
1.870
1.696
1.741
1.781
1.800
1.732
1.888
1.724
1.806
1.783
1.926
1.727
1.835
1.830
1.826
1.651
1.789
1.845
1.848
1.675
1.779
1.858
1.849
1.737
1.811
1.844
1.867
1.901
1.674
1.794
1.790
1.793
1.797
1.727
1.639
1.881
1.831
1.818
1.769
1.661
1.714
1.949
1.871
5.461
1.798
1.805
1.842
1.831
1.783
1.851
1.930
1.843
5.901
1.803
1.829
1.790
1.809
1.760
1.997
1.796
1.745
1.842
1.831
1.795
1.865
1.769
1.845
1.877
1.801
1.721
1.705
5.282
1.797
1.853
1.806
1.821
1.725
2.050
1.797
1.809
1.756
1.777
1.872
1.888
1.767
2.652
1.766
1.744
1.927
1.806
1.804
1.916
1.874
1.857
1.820
2.002
1.812
1.799
1.823
1.839
1.819
1.735
1.788
1.831
1.809
1.815
1.814
1.787
1.731
1.872
1.929
1.776
1.808
1.779
1.846
1.861
1.892
1.855
1.687
1.813
1.857
1.894
1.764
1.582
1.849
1.854
1.845
2.241
2.274
2.194
1.849
1.841
2.485
1.670
1.960
1.842
1.854
1.716
1.750
1.765
1.790
1.782
1.767
1.766
1.657
1.789
1.867
1.909
1.852
1.830
1.869
1.808
1.841
1.838
1.726
1.775
1.812
1.672
1.712
1.801
1.878
1.804
1.655
1.697
1.865
5.246
1.871
1.678
1.691
1.837
1.950
1.837
1.849
1.869
1.741
1.776
1.811
1.913
1.901
1.885
1.886
1.857
1.733
1.797
1.785
1.865
1.793
1.685
1.856
1.817
1.985
1.812
1.769
1.736
1.791
1.770
1.824
1.752
1.809
1.960
1.879
1.790
1.763
1.931
1.858
1.799
1.771
1.782
1.849
7.699
2.180
1.765
1.818
1.859
1.845
1.741
1.781
1.815
1.817
1.815
1.720
1.865
1.909
1.858
1.805
1.917
1.886
1.860
1.788
1.711
1.805
1.796
1.841
2.198
1.679
1.707
1.789
1.866
1.760
1.757
1.845
1.872
1.818
1.767
1.826
1.850
1.854
1.868
1.897
1.810
1.821
1.866
1.684
1.764
1.901
1.802
1.792
1.847
1.697
1.797
1.771
1.767
1.808
1.785
1.754
1.817
1.864
1.621
1.846
1.805
1.847
1.802
1.777
1.688
1.703
1.872
1.862
1.857
1.647
1.814
1.821
1.838
1.849
1.677
1.802
1.858
1.812
1.738
1.652
1.874
1.809
1.838
1.859
1.803
1.819
1.768
1.678
1.831
1.860
1.796
1.799
1.729
1.953
1.841
1.830
1.775
1.809
1.851
1.788
1.775
1.811
1.918
2.015
1.845
1.875
1.778
1.989
1.779
1.850
1.805
1.766
1.665
2.023
1.883
1.820
1.754
1.962
1.909
1.846
1.916
1.799
1.831
1.674
1.673
1.826
1.795
1.868
1.707
2.217
1.865
1.771
1.829
1.714
1.773
1.845
2.117
1.873
1.823
1.832
1.916
1.823
1.836
1.630
1.809
1.840
1.784
1.686
1.873
1.830
1.819
1.825
1.780
1.764
1.762
1.842
1.663
1.823
1.798
1.821
1.793
1.710
1.286
1.822
1.826
1.754
1.705
1.708
1.773
1.795
1.828
1.781
1.840
1.823
1.901
1.658
1.828
1.908
1.877
1.845
1.960
1.802
1.863
1.806
1.843
1.652
1.793
1.904
1.634
1.913
1.759
1.645
1.757
1.823
1.790
1.801
1.826
1.685
1.671
1.704
2.368
2.462
2.403
2.565
2.345
2.551
2.473
2.572
2.529
2.315
2.504
7.262
2.617
2.534
2.592
2.544
2.777
2.656
2.498
2.354
2.686
7.039
2.507
2.321
2.520
2.541
2.899
2.362
2.568
2.571
2.530
2.618
2.453
2.484
2.573
2.630
2.552
2.507
2.571
2.598
2.536
2.590
2.372
2.465
2.592
2.548
2.400
2.365
2.355
2.576
2.507
2.572
2.495
2.576
2.593
2.489
2.667
2.337
2.366
2.510
2.613
2.690
2.596
2.330
2.592
2.553
2.599
2.357
2.793
2.556
2.615
2.575
2.517
2.606
2.596
2.561
2.650
2.535
2.316
2.589
2.615
2.505
2.396
2.598
2.658
2.536
2.606
2.375
2.552
2.639
2.581
2.419
2.566
2.492
2.575
2.503
2.410
2.530
2.495
2.868
2.580
2.370
2.581
2.515
2.544
2.495
2.326
2.754
2.505
2.490
2.413
2.526
2.498
2.509
2.527
2.583
2.609
2.430
2.916
2.560
2.518
2.593
2.539
2.403
2.352
2.588
2.573
2.667
2.378
2.528
2.547
2.560
2.364
2.518
2.704
2.525
2.622
2.514
2.510
2.751
2.410
2.359
2.745
2.589
2.566
2.779
2.812
2.611
2.568
2.415
2.538
2.724
2.400
2.570
2.328
2.523
2.469
2.545
2.435
2.812
2.537
2.573
2.704
2.334
2.582
2.564
2.609
3.259
2.407
2.381
2.576
2.522
2.520
2.651
2.610
2.748
2.606
2.550
2.561
2.500
2.548
2.512
2.430
2.839
2.537
2.689
2.333
2.556
2.514
2.554
2.526
2.448
2.589
2.355
2.479
2.492
2.585
2.373
2.409
2.599
2.500
2.659
2.537
2.542
2.354
2.351
2.510
2.559
2.564
2.357
2.533
2.682
2.526
2.449
2.403
2.696
2.489
2.473
2.348
2.364
2.694
2.486
2.351
2.517
2.563
2.547
2.371
2.335
2.573
2.557
2.674
2.505
2.486
2.597
2.573
2.412
2.329
2.617
2.543
2.556
2.495
2.570
2.504
2.494
2.393
2.692
2.368
2.359
2.561
2.393
2.384
2.589
2.554
2.596
2.516
2.718
2.497
2.542
2.695
2.447
2.387
2.331
2.565
2.505
2.496
2.519
2.482
2.344
2.591
2.587
2.358
2.541
2.357
2.553
2.677
2.579
2.536
2.581
2.601
2.650
2.482
2.637
2.538
2.511
2.540
2.498
2.677
2.716
2.612
2.697
2.687
2.557
2.582
2.522
2.578
33.362
2.346
2.340
2.537
2.591
2.344
2.531
2.542
2.597
2.554
2.584
2.579
2.451
2.550
2.555
2.478
2.425
3.255
2.620
2.479
2.447
2.309
2.545
2.377
2.553
2.536
2.643
2.519
2.599
2.625
2.351
2.533
2.552
2.533
2.499
2.523
2.346
2.596
3.007
2.856
2.318
2.327
2.485
2.576
2.457
2.407
2.633
2.590
2.615
2.354
2.391
2.547
2.638
2.526
2.437
2.329
2.533
2.586
2.415
2.341
2.433
2.530
2.775
2.820
2.721
2.521
2.495
2.639
2.962
2.664
2.548
2.377
2.543
2.767
2.772
2.592
2.556
2.654
2.496
2.511
2.340
2.531
2.544
2.528
2.560
2.552
2.555
2.627
3.308
2.563
2.591
2.549
2.371
2.586
2.552
2.555
2.356
2.364
2.531
2.581
2.607
2.383
2.480
2.727
2.533
2.629
2.442
2.476
2.535
2.557
2.427
2.520
2.653
2.379
2.484
2.524
2.629
2.590
2.374
2.560
2.460
2.521
1.703
1.777
1.735
1.780
1.775
1.786
1.763
1.799
1.785
1.725
1.820
2.629
2.612
2.642
2.371
2.549
2.875
184.550
2.321
2.343
2.366
2.496
2.564
2.553
2.604
2.538
2.586
2.392
2.323
2.589
2.558
2.579
2.461
3.988
3.934
4.081
3.924
3.751
4.074
4.423
4.273
3.978
3.924
4.038
3.743
3.990
3.984
4.035
4.076
4.140
3.943
3.645
3.963
3.982
4.096
3.779
4.007
3.964
4.849
4.050
3.783
3.959
4.094
3.970
3.949
3.715
4.085
4.038
3.994
3.964
4.143
3.919
4.000
4.013
3.929
3.736
3.687
3.919
4.037
3.918
3.707
3.997
4.504
4.099
3.899
4.004
4.013
3.982
3.752
3.939
3.945
3.694
3.971
4.003
3.959
3.939
3.922
3.996
4.033
3.944
3.762
4.062
4.009
4.014
3.724
3.740
3.997
4.136
3.968
4.028
3.949
3.675
3.950
4.053
3.996
3.821
4.254
3.876
4.251
4.162
4.283
4.077
3.884
3.970
3.991
4.225
3.978
3.991
3.909
4.244
3.994
3.887
3.861
4.130
4.098
4.047
3.628
3.921
3.865
3.984
3.666
3.671
4.023
3.938
3.926
3.796
3.927
3.921
3.866
3.965
3.917
3.877
3.928
4.014
3.984
4.007
3.810
3.969
3.971
4.290
3.864
3.805
4.002
3.830
3.718
3.681
3.961
4.097
3.978
3.692
3.947
3.987
3.851
3.758
3.946
4.188
4.000
3.965
4.002
3.943
3.785
4.046
4.031
4.099
4.316
4.020
4.040
3.729
3.837
3.741
3.998
3.947
3.674
3.689
4.024
4.113
3.908
4.057
3.916
3.908
3.942
3.937
3.997
3.706
4.128
3.956
3.686
4.396
4.037
3.959
3.709
3.983
4.113
4.349
3.963
3.961
4.182
3.912
3.999
4.125
3.652
3.986
3.918
3.938
4.021
3.997
3.678
3.792
3.650
3.760
3.857
4.174
3.924
4.032
4.059
3.953
4.026
3.769
3.979
3.946
3.776
3.959
3.890
3.697
3.956
3.906
3.990
3.954
3.684
3.997
4.358
3.924
4.219
3.939
4.095
3.963
3.843
3.786
3.697
3.990
4.048
3.982
3.857
4.043
3.989
3.899
3.720
3.968
4.061
4.036
3.948
3.976
5.279
4.228
3.967
3.919
4.473
4.070
4.786
4.252
4.057
3.936
3.993
3.758
4.261
3.905
4.916
3.729
3.953
3.932
3.973
4.236
4.123
3.962
3.946
3.999
3.963
3.920
3.908
3.984
3.910
3.905
3.891
3.642
3.921
3.970
3.996
3.733
3.725
3.968
3.910
3.739
3.935
3.990
4.039
4.089
3.727
4.011
4.044
82.400
3.981
3.939
3.986
4.009
3.891
3.733
3.950
3.958
3.923
4.027
4.272
3.994
3.931
3.985
3.725
3.957
3.904
3.923
3.681
3.940
3.933
3.968
3.744
4.102
4.049
3.960
3.981
3.682
3.921
3.964
4.289
3.944
3.930
4.187
4.187
3.930
4.348
3.986
3.679
3.977
3.957
3.962
3.750
4.009
3.931
3.859
3.713
4.032
4.010
4.028
3.736
3.796
3.952
4.276
3.946
3.657
4.072
4.116
4.044
4.234
3.904
4.287
3.674
4.004
4.106
4.054
3.874
4.005
3.989
4.900
3.908
4.032
4.029
3.893
3.957
3.775
3.979
4.021
3.967
4.009
4.096
4.004
3.946
3.984
4.061
3.956
3.995
4.016
4.002
4.004
3.900
3.639
3.927
3.730
3.925
3.887
4.187
3.874
3.515
4.093
3.972
3.966
3.996
3.750
3.903
3.753
3.921
3.690
3.986
4.059
3.966
4.011
4.281
3.653
3.913
4.071
3.978
3.767
4.013
3.959
4.058
3.834
3.975
3.976
4.018
3.977
3.693
3.704
3.997
4.009
4.021
3.862
4.052
4.005
3.710
3.913
4.269
3.932
3.951
3.961
3.943
3.983
3.948
3.718
3.958
4.003
4.702
4.000
3.972
3.944
3.912
3.817
4.015
4.044
3.821
3.711
3.935
3.984
3.938
3.741
3.991
4.007
3.930
6.806
6.786
6.262
6.748
6.741
6.707
6.783
6.758
6.722
7.047
6.887
7.371
6.909
6.806
6.718
6.771
6.865
6.732
6.663
6.793
6.840
6.808
6.771
6.749
6.754
6.726
6.352
6.761
6.827
6.576
6.395
6.882
6.853
6.830
6.888
7.397
7.235
7.392
4.595
4.661
4.659
4.612
4.605
5.558
4.686
4.613
4.650
4.637
4.618
6.822
6.412
6.262
6.349
6.954
6.792
6.395
6.823
6.764
6.851
6.450
6.773
6.708
6.818
6.313
6.332
6.847
6.793
6.306
6.798
6.906
6.331
6.763
6.823
6.841
6.803
6.389
6.834
6.718
6.712
7.284
4.645
4.680
4.606
4.571
4.584
4.662
4.633
4.589
4.754
4.619
4.604
4.601
4.664
4.720
4.660
4.720
4.641
4.693
4.709
4.645
4.657
4.692
4.742
5.029
4.650
4.593
4.633
4.986
4.590
4.681
4.538
4.717
4.556
4.707
4.638
4.621
4.652
4.681
4.635
6.776
6.748
6.763
6.233
6.773
6.704
6.882
7.102
6.737
6.402
6.801
6.691
6.751
6.468
6.714
10.393
7.808
6.758
6.792
7.279
6.838
7.348
7.268
6.749
6.718
6.009
6.378
5.128
6.774
7.370
6.846
6.778
6.913
6.731
7.419
6.777
6.864
7.199
6.777
6.810
7.327
6.775
6.797
6.747
6.706
6.798
6.331
6.794
6.675
6.696
6.444
6.738
6.934
6.790
6.374
6.755
6.760
6.845
6.740
6.746
6.253
6.919
6.430
6.659
6.336
6.385
6.829
6.776
6.355
6.777
6.857
6.800
6.405
6.761
6.946
6.816
6.296
6.799
6.899
6.730
7.247
6.366
7.064
6.901
6.376
6.684
6.683
6.816
6.787
6.766
6.759
6.904
6.690
6.488
6.819
6.412
6.377
6.328
6.372
6.799
6.823
6.365
6.345
6.855
6.739
6.758
6.850
6.778
6.891
6.789
6.774
7.193
7.123
7.317
6.731
6.816
6.852
7.291
6.793
6.839
6.957
6.806
6.849
6.871
6.781
6.778
6.756
7.510
6.821
6.810
6.841
6.767
6.785
6.818
6.754
6.731
6.768
6.721
6.901
6.754
6.817
6.751
6.346
6.794
6.341
6.320
6.322
6.795
6.889
6.738
6.870
6.715
6.750
6.350
6.766
6.867
6.821
6.724
6.751
6.395
6.797
6.916
6.730
6.933
6.310
6.782
6.732
7.250
6.715
6.791
7.345
6.820
6.298
6.288
6.865
6.768
6.790
6.781
6.829
6.870
6.847
6.697
6.804
6.823
6.731
6.335
6.318
6.771
6.840
6.728
6.334
6.728
6.756
6.698
6.393
6.334
6.782
6.715
6.501
6.401
6.795
6.738
6.867
6.291
6.795
7.912
6.788
6.749
6.442
6.748
6.876
6.729
6.346
6.742
7.031
6.717
6.850
6.827
6.766
6.760
6.755
6.783
6.737
6.736
6.740
4.614
4.672
4.669
4.710
4.628
4.603
4.683
4.642
4.683
4.661
4.688
4.620
4.637
4.590
4.672
4.681
4.646
4.673
4.662
4.583
4.625
4.636
4.696
4.581
4.640
4.585
4.615
4.646
4.599
4.695
4.589
4.649
4.772
4.685
4.605
4.724
4.635
4.610
4.666
4.668
4.748
4.596
4.609
4.655
4.633
4.671
4.610
4.672
4.902
4.574
4.652
4.555
4.573
4.717
4.625
4.610
4.636
4.561
4.635
4.660
4.695
4.621
4.556
4.588
4.585
4.646
4.597
4.639
4.628
4.598
4.614
4.657
4.661
4.579
4.590
4.695
4.648
4.627
4.604
6.311
6.793
6.824
6.853
6.751
6.714
6.888
6.849
6.909
6.977
6.775
6.338
6.804
6.382
6.815
6.713
7.050
6.383
6.321
6.886
6.840
7.231
7.302
6.829
6.776
6.692
6.858
13.476
12.512
12.406
13.347
12.436
11.618
12.498
12.282
11.446
12.447
12.445
12.551
12.447
11.687
17.205
12.423
12.461
11.568
12.458
12.468
12.421
12.453
12.321
12.433
11.574
11.528
12.282
13.259
13.400
12.374
13.303
13.304
13.310
13.428
13.400
14.478
13.593
12.352
10.516
9.859
13.292
13.389
12.462
13.171
13.184
12.721
12.528
12.521
13.290
12.509
12.434
12.665
12.325
12.430
13.830
12.361
11.647
12.397
12.581
12.350
11.728
11.586
12.471
13.437
12.448
13.409
12.583
12.344
11.594
12.355
12.588
12.391
11.603
12.293
12.459
12.399
12.471
12.455
12.346
11.610
12.415
12.564
12.490
12.513
12.479
12.457
12.403
12.402
12.536
11.637
11.789
12.550
12.365
12.425
11.553
12.656
12.610
12.505
11.686
11.711
12.514
12.426
11.674
11.541
12.378
12.426
12.476
11.645
11.449
12.511
12.427
12.409
11.055
11.872
12.883
12.384
177.267
11.567
11.647
12.474
12.263
12.464
11.643
12.447
12.461
12.432
11.703
12.387
12.348
12.456
13.323
12.408
12.429
12.455
11.616
12.353
12.548
12.521
11.595
11.677
12.138
12.525
12.459
13.494
13.141
12.528
12.380
12.533
12.390
12.374
12.363
12.386
12.349
12.843
11.730
12.396
12.400
12.471
11.684
12.377
12.359
12.574
12.418
11.686
11.641
12.397
12.367
12.389
11.696
12.409
12.480
12.419
13.674
12.403
12.375
13.513
13.378
13.439
13.365
12.389
12.472
11.672
12.445
12.367
12.426
11.669
12.482
12.381
12.495
11.847
11.607
12.426
12.389
12.331
13.432
12.433
12.351
12.300
13.244
12.312
12.422
12.344
12.357
11.593
12.438
13.340
12.462
12.514
11.719
12.642
12.406
12.487
12.351
12.395
12.549
11.650
12.492
12.515
11.622
12.476
12.431
12.486
12.499
11.574
12.404
12.413
12.342
12.301
11.683
12.496
11.669
12.522
12.412
12.297
12.479
12.384
12.343
12.503
12.500
11.594
12.333
12.536
12.474
11.556
11.661
12.464
12.686
11.644
11.596
12.489
12.419
11.630
18.619
12.347
12.352
12.447
11.597
12.444
12.538
11.626
11.747
12.454
12.544
11.681
11.707
12.420
12.500
12.498
12.290
12.303
12.428
12.451
11.545
12.458
12.444
14.963
12.360
11.756
12.478
12.416
13.301
12.480
12.437
12.283
12.505
12.346
12.462
10.912
13.519
12.331
12.810
12.379
12.331
12.415
12.292
13.415
12.459
11.594
12.470
12.691
12.378
11.607
12.447
12.491
12.471
12.381
16.016
12.330
11.654
12.497
12.384
12.361
12.346
12.486
12.437
17.356
12.725
12.474
11.625
12.555
12.491
11.628
12.466
12.433
12.350
11.716
12.533
12.437
12.401
12.375
12.303
12.926
12.325
12.593
12.426
12.490
12.515
12.416
12.283
13.204
10.975
8.922
11.668
12.393
13.315
13.332
12.430
12.521
12.408
12.421
12.399
12.583
12.672
12.429
12.527
12.338
11.578
12.395
12.425
12.384
11.601
12.670
12.426
12.683
12.473
12.285
12.475
12.443
11.760
12.447
13.660
12.526
12.373
13.125
13.601
12.587
12.396
11.656
11.662
11.684
12.418
12.630
11.627
16.559
11.644
12.542
12.552
12.378
12.397
12.399
12.525
11.607
11.624
12.446
12.485
12.392
11.488
12.270
12.580
13.356
11.652
13.420
12.428
12.955
14.113
12.443
12.518
12.349
12.405
12.518
13.342
12.470
12.387
11.701
12.545
11.652
12.435
12.457
12.496
12.300
11.652
11.727
12.321
11.577
11.757
12.637
12.613
11.544
12.428
12.367
12.303
12.349
11.605
12.321
12.482
12.351
11.562
11.584
12.448
12.388
12.455
12.445
11.946
12.385
11.575
12.288
12.872
12.431
12.441
12.404
23.625
22.387
23.653
23.637
22.166
24.120
23.677
23.675
23.716
22.301
23.748
23.661
22.171
23.704
22.190
23.646
22.131
23.897
25.401
25.235
22.070
23.562
23.759
23.625
22.142
23.620
23.779
25.327
24.079
23.641
23.574
23.661
25.776
23.664
23.717
23.639
23.703
23.778
24.346
23.619
23.552
23.814
22.256
22.003
23.573
61.242
23.676
23.759
23.596
23.712
22.085
23.597
23.804
23.722
22.135
23.683
23.566
27.129
23.627
24.023
23.620
22.123
22.139
23.766
42.420
22.192
23.833
23.625
22.158
23.662
23.663
23.702
22.095
22.255
23.698
23.523
23.560
22.166
23.511
23.681
22.172
22.151
24.073
23.532
22.183
23.646
23.691
23.641
23.631
23.691
23.776
45.728
22.149
22.535
23.580
23.660
23.790
23.585
23.735
23.570
22.152
23.761
23.909
23.537
22.555
22.162
23.982
23.619
23.748
23.584
23.769
23.766
23.544
23.629
23.769
23.957
22.081
23.593
23.646
23.820
23.596
23.689
23.641
23.709
22.165
27.014
23.630
23.594
23.687
22.040
23.677
23.624
22.303
22.209
23.679
23.608
23.802
22.232
24.527
23.597
23.607
23.906
23.783
25.504
23.790
23.719
23.814
23.694
22.116
23.770
23.565
22.112
22.228
23.656
23.575
23.763
22.188
23.587
23.676
22.400
25.344
23.586
23.736
23.553
23.941
25.363
23.792
23.682
23.605
23.717
23.699
25.334
23.684
23.647
23.786
23.700
23.701
23.817
23.790
23.632
23.800
22.427
23.639
23.642
22.077
23.715
23.750
23.653
22.020
22.195
23.692
23.679
22.184
23.650
23.604
27.099
22.174
23.595
23.613
23.697
22.287
23.614
23.734
23.580
23.589
23.753
23.727
25.480
23.561
23.574
23.617
23.641
23.522
39.410
23.565
23.682
23.882
23.585
23.767
23.620
23.736
22.229
23.665
23.649
23.589
22.315
24.237
23.726
22.087
23.509
23.952
23.751
23.725
23.773
23.659
24.023
23.578
23.668
23.645
23.734
23.583
23.680
24.205
23.722
23.571
23.658
23.736
23.496
22.230
23.609
23.714
22.258
23.561
23.665
22.228
23.555
23.540
23.636
23.618
22.116
16.103
16.143
16.171
16.166
16.140
16.109
16.146
16.170
16.223
16.067
17.399
16.160
16.178
16.071
16.182
16.144
16.114
16.256
16.261
16.181
16.090
16.150
16.089
16.285
16.068
16.127
16.298
16.068
16.257
16.067
16.336
16.084
16.183
16.119
16.044
16.310
16.228
16.153
16.085
16.160
16.230
16.131
16.131
16.423
16.210
16.134
16.496
16.164
16.332
16.315
16.045
16.236
16.110
16.161
16.115
16.072
16.072
16.164
16.129
16.508
16.064
16.117
20.583
16.086
20.803
16.655
16.094
16.190
16.163
16.005
16.213
16.090
16.036
16.095
15.963
16.152
16.153
16.233
16.195
16.198
16.087
16.252
16.167
16.210
16.155
16.128
16.295
16.550
16.170
16.111
16.197
16.087
16.137
16.189
16.330
16.135
16.233
16.277
16.167
16.106
16.118
16.134
16.101
16.189
16.143
16.175
16.060
16.191
16.264
16.113
16.047
16.139
16.179
16.119
16.151
16.207
16.289
16.143
16.135
16.151
16.023
16.126
16.126
16.085
16.136
16.072
16.121
16.077
16.022
16.164
16.311
16.213
16.294
16.130
16.155
16.119
16.029
16.244
16.107
16.359
16.228
16.092
16.178
16.116
16.182
16.207
16.257
16.077
16.485
16.291
16.192
16.072
16.045
16.183
16.191
16.312
16.148
16.030
16.196
16.127
16.160
16.318
16.073
16.085
16.182
16.151
16.183
16.083
18.631
16.113
16.084
16.099
16.226
17.969
16.176
16.108
16.123
16.150
16.082
16.114
16.228
16.201
16.247
16.161
16.121
16.104
22.179
22.139
23.681
23.695
51.581
42.945
51.895
48.374
52.292
48.305
48.320
48.346
48.285
45.413
48.569
48.235
48.561
49.033
44.965
54.046
48.218
47.639
49.077
52.795
48.808
45.793
48.603
48.313
48.427
48.784
47.915
48.596
49.444
45.153
45.439
48.405
48.576
48.302
48.389
48.535
48.588
45.442
48.783
48.664
69.481
45.339
48.489
49.045
48.169
49.512
48.347
48.616
48.154
45.412
48.595
48.276
48.189
48.386
48.025
48.329
45.503
48.638
48.554
45.190
45.585
48.489
48.439
45.396
45.133
48.686
49.215
48.158
46.504
48.629
48.251
48.445
47.943
45.197
49.394
51.771
48.480
52.183
48.409
48.718
48.465
48.257
48.256
48.735
48.666
48.745
48.329
45.260
45.240
48.360
48.808
48.787
45.338
49.055
48.642
48.622
45.524
48.587
48.068
48.388
49.157
48.349
45.285
48.769
48.687
48.326
79.429
48.535
48.465
48.292
56.695
45.338
48.610
48.611
48.438
48.968
48.434
48.445
48.213
48.133
48.471
49.206
48.310
45.371
48.690
45.216
48.419
48.485
48.753
49.045
48.299
49.345
48.637
45.139
48.579
48.314
51.858
45.137
48.212
89.494
48.113
48.632
48.335
45.509
48.612
48.509
48.514
51.906
48.159
48.282
48.728
48.640
48.445
48.369
48.176
48.451
48.315
48.525
48.528
48.595
51.779
48.291
46.220
45.225
48.439
48.404
48.514
45.776
48.564
48.381
48.565
48.419
48.755
51.946
46.112
48.189
48.397
45.287
48.411
48.511
71.463
48.359
48.583
48.835
45.425
48.598
51.853
52.092
48.397
48.382
48.538
49.320
45.288
48.951
48.382
48.854
48.218
48.332
48.486
45.414
45.461
48.767
48.399
45.292
45.364
48.517
48.678
45.384
48.780
48.481
48.646
48.427
48.311
48.511
48.361
48.694
51.688
48.253
48.656
51.791
48.370
48.130
48.557
48.345
48.566
45.567
46.168
48.552
48.763
48.272
48.161
48.227
48.163
51.386
48.344
48.329
48.674
48.441
48.375
48.484
48.502
49.325
48.192
45.442
48.632
48.237
49.196
49.015
48.263
48.460
48.226
48.391
48.327
48.411
52.003
52.008
51.827
48.457
48.580
51.887
48.391
48.408
45.443
45.219
52.153
48.523
48.123
45.344
48.542
48.784
45.473
45.434
48.590
48.379
45.389
48.640
48.635
48.399
48.233
45.239
48.537
48.346
48.592
48.648
48.215
48.181
48.508
48.594
100.983
48.416
48.514
48.542
48.508
49.280
49.000
52.820
48.655
48.625
49.239
48.317
48.278
45.127
48.372
48.582
45.359
46.723
48.416
46.288
48.933
45.441
51.789
48.335
48.282
45.354
45.186
48.608
48.512
45.523
45.409
48.307
48.554
48.271
45.247
48.249
48.520
48.258
48.603
48.456
52.117
50.421
45.091
48.360
89.970
45.231
48.271
49.614
45.248
45.758
55.275
48.501
48.075
49.255
48.594
48.550
45.176
45.312
48.465
48.375
46.120
48.349
48.308
48.544
48.752
48.339
48.418
48.364
48.424
48.539
48.735
45.591
48.485
48.748
48.462
45.356
49.080
45.300
48.488
45.356
48.360
48.465
45.390
48.776
48.503
45.331
46.952
50.526
48.582
47.496
47.548
48.349
45.207
48.503
48.346
48.383
48.511
51.572
48.338
48.192
48.515
48.460
48.412
47.813
48.748
48.253
48.273
45.352
45.430
48.304
45.584
48.238
48.587
48.707
45.372
48.231
48.184
60.195
48.109
48.334
32.902
48.271
48.958
48.593
48.183
48.853
48.297
48.737
48.136
47.340
48.739
48.357
48.912
49.340
48.240
48.330
48.528
48.514
48.328
48.282
48.399
45.289
48.244
48.226
45.340
48.793
48.762
48.771
48.553
45.229
51.829
48.527
48.135
48.449
48.396
48.342
48.424
48.429
48.269
45.251
45.351
48.424
