1.128
1.179
1.136
1.344
1.183
1.183
1.138
1.205
1.058
1.161
1.084
1.130
1.214
1.082
1.095
1.109
1.123
1.145
1.158
1.167
1.128
1.175
1.155
1.097
1.249
1.648
1.173
1.198
1.105
1.046
1.131
1.106
1.223
1.180
1.158
1.165
1.184
1.094
1.184
1.165
1.150
1.189
1.184
1.209
1.164
1.112
1.119
1.105
1.071
1.043
1.059
1.188
1.128
1.136
1.154
1.171
1.179
1.124
1.137
1.179
1.101
1.127
1.192
1.122
1.158
1.117
1.068
1.071
1.110
1.212
1.132
1.091
1.064
1.166
1.162
1.139
1.183
1.211
1.119
1.085
1.232
1.115
1.064
1.226
1.213
1.146
1.156
1.204
1.182
1.136
1.196
1.106
1.110
1.140
1.180
1.096
1.211
1.396
1.082
1.084
1.064
1.184
1.100
1.191
1.103
1.064
1.064
1.151
1.124
1.208
1.206
1.167
1.148
1.206
1.100
1.169
1.152
1.112
1.257
1.166
1.206
1.031
1.180
1.149
1.120
1.253
1.165
1.070
1.084
1.115
1.140
1.138
1.118
1.112
1.123
1.204
1.075
1.082
1.128
1.105
1.148
1.050
1.189
1.064
1.250
1.062
1.159
1.103
1.130
1.173
1.143
1.137
1.126
1.105
1.191
1.180
1.161
1.118
1.362
1.193
1.211
1.173
1.134
1.088
1.134
1.110
1.147
1.126
1.100
1.247
1.090
1.138
1.193
1.152
1.147
1.133
1.220
1.032
1.090
1.090
1.154
1.131
1.171
1.054
1.172
1.191
1.157
1.127
1.090
1.084
1.183
1.150
1.186
1.217
1.117
1.115
1.040
1.124
1.121
1.262
1.198
1.199
1.190
1.153
1.227
1.140
1.168
1.129
1.131
1.192
1.205
1.129
1.206
1.131
1.096
1.142
1.157
1.205
1.157
1.066
1.129
1.235
1.196
1.138
1.843
1.161
1.043
1.055
1.146
1.172
1.232
1.144
1.166
1.168
1.207
1.085
1.166
1.132
1.165
1.118
1.136
1.295
1.487
1.276
1.216
1.247
1.238
1.224
1.204
1.147
1.306
1.124
1.141
1.122
1.211
1.139
1.185
1.138
1.160
1.312
1.163
1.138
1.095
1.070
1.161
1.178
1.138
1.128
1.138
1.150
1.160
1.140
1.172
1.136
1.152
1.181
1.175
1.124
1.103
1.161
1.134
1.188
1.147
1.145
1.144
1.216
1.102
1.161
1.170
1.122
1.093
1.212
1.163
1.166
1.162
1.105
1.146
1.194
1.155
1.174
1.206
1.192
1.147
1.110
1.217
1.139
1.146
1.182
1.163
1.097
1.152
1.160
1.225
1.150
1.115
0.977
0.970
1.137
1.292
1.337
1.204
1.111
1.182
1.148
1.065
1.126
1.092
1.192
1.171
1.146
1.155
1.190
1.175
1.179
1.161
1.165
1.166
1.260
1.172
1.161
1.166
1.197
1.060
1.189
1.200
1.196
1.741
1.184
1.151
1.165
1.179
1.121
1.138
1.136
1.203
1.185
1.142
1.236
1.188
1.085
1.217
1.186
1.177
1.182
1.174
1.133
1.145
1.194
1.090
1.200
1.156
1.110
1.099
1.115
1.189
1.139
1.261
1.144
1.140
1.081
1.191
1.058
1.113
1.072
1.084
1.122
1.181
1.175
1.137
1.145
1.140
1.157
1.065
1.121
1.124
1.120
1.137
1.156
1.187
1.215
1.169
1.221
1.150
1.099
1.074
1.196
1.177
1.174
1.096
1.165
1.111
1.083
1.192
1.097
1.081
1.073
1.107
1.088
1.139
1.241
1.141
1.182
1.138
1.126
1.146
1.128
1.141
1.154
1.137
1.143
1.183
1.147
1.015
1.026
1.188
1.105
1.170
1.116
1.139
1.041
1.035
1.194
1.206
1.123
1.163
1.087
1.176
1.148
1.119
1.101
1.550
1.463
1.560
1.414
1.499
1.501
1.540
1.529
1.432
1.543
1.512
1.500
1.498
1.518
1.488
1.455
1.521
1.487
1.448
1.573
1.517
1.510
1.367
1.415
1.514
1.474
1.600
1.460
1.467
1.513
1.497
1.477
2.045
1.487
1.498
1.496
1.556
1.411
1.559
1.529
1.494
1.552
1.383
1.525
1.504
1.513
1.513
1.661
1.514
1.702
1.525
1.495
1.480
1.483
1.512
1.593
1.391
1.525
1.512
1.480
1.429
1.580
1.523
1.555
1.541
1.518
1.501
1.587
1.470
1.440
1.541
1.491
1.617
1.546
1.461
1.471
1.578
1.530
1.541
1.465
1.413
1.372
1.553
1.514
1.496
1.533
1.492
1.565
1.469
1.446
1.505
1.610
1.601
1.556
1.562
1.573
1.532
1.559
1.482
1.651
1.536
1.441
1.543
1.494
1.503
1.483
1.481
1.503
1.492
1.545
1.404
1.373
1.550
1.489
1.479
1.518
1.484
1.373
1.612
1.484
1.512
1.504
1.470
1.503
1.541
1.488
1.589
1.539
1.530
1.495
1.489
1.484
1.529
1.484
1.506
1.492
1.465
1.591
1.467
1.579
1.541
1.516
1.510
1.470
1.569
1.523
1.434
1.490
1.555
1.421
1.365
1.578
1.500
1.528
1.583
1.541
1.504
1.528
1.516
1.421
1.476
1.486
1.500
1.529
1.346
1.563
1.501
1.503
1.585
1.548
1.380
1.482
1.460
1.541
1.411
1.470
1.531
1.535
1.512
1.458
1.508
1.453
1.514
1.533
1.422
1.336
1.523
1.505
1.552
1.580
1.508
1.478
1.475
1.560
1.565
1.507
1.474
1.507
1.486
1.424
1.502
1.479
1.510
1.361
1.432
1.567
1.535
1.972
1.474
1.441
1.583
1.507
1.497
1.465
1.451
1.520
1.491
1.549
1.464
1.568
1.464
1.495
1.565
1.478
1.491
1.521
1.565
1.522
1.382
1.464
1.528
1.626
1.512
1.508
1.391
1.518
1.397
1.496
1.366
1.525
1.510
1.452
1.651
1.493
1.501
1.494
1.531
1.549
1.526
1.512
1.789
1.792
1.476
1.554
1.555
1.537
1.385
1.520
1.525
1.535
1.556
1.481
1.484
1.508
1.499
1.472
1.551
1.530
1.491
1.544
1.454
1.589
1.524
1.560
1.883
1.478
1.390
1.510
1.553
1.533
1.523
1.439
1.519
1.531
1.529
1.515
1.526
1.462
1.481
1.521
1.543
1.500
1.544
1.476
1.478
1.499
1.526
1.527
1.512
1.411
1.546
1.479
1.529
1.518
1.571
1.505
1.545
1.530
1.450
1.463
1.513
1.518
1.460
1.521
1.410
1.419
1.558
1.561
1.571
1.446
1.509
1.503
1.480
1.500
1.448
1.497
1.484
1.499
1.534
1.362
1.469
1.530
1.530
1.467
1.460
1.486
1.456
1.357
1.471
1.423
1.514
1.463
1.352
1.611
1.535
1.464
1.509
1.486
1.530
1.524
1.535
1.524
1.576
1.567
1.524
1.475
1.539
1.615
1.477
1.611
1.514
1.456
1.440
1.623
1.671
1.472
1.537
1.666
1.623
1.575
1.719
1.542
1.484
1.395
1.379
1.512
1.527
1.571
1.447
1.545
1.459
1.521
1.462
1.426
1.493
1.480
1.494
1.670
1.487
1.551
1.455
1.479
1.550
1.377
1.515
1.481
1.470
1.427
1.475
1.511
1.522
1.539
1.502
1.599
1.469
1.409
1.498
1.517
1.483
1.511
1.465
1.423
1.024
1.544
1.475
1.506
1.447
1.504
1.486
1.480
1.492
1.466
1.457
1.456
1.572
1.354
1.526
1.502
1.412
1.538
1.503
1.570
1.498
1.491
1.473
1.387
1.505
1.597
1.426
1.443
1.491
1.396
1.529
1.499
1.506
1.455
1.475
1.417
1.468
1.473
2.048
2.247
2.029
2.159
3.196
2.234
2.236
2.225
2.186
2.051
2.162
2.191
2.270
1.999
2.257
2.135
2.343
2.148
2.105
2.072
2.240
2.118
2.206
2.041
2.161
2.130
2.177
2.076
2.183
2.100
2.156
2.170
2.085
2.035
2.209
2.154
2.216
2.124
2.160
2.293
2.232
2.209
2.141
2.080
2.144
2.166
2.072
2.022
2.100
2.217
2.230
2.189
2.191
2.183
2.204
2.182
2.206
2.060
2.161
2.248
2.156
2.224
2.238
2.065
2.132
2.173
2.183
2.029
2.342
2.199
2.233
2.287
2.206
2.188
2.238
2.122
2.241
2.232
2.065
2.221
2.124
2.217
2.033
2.200
2.187
2.306
2.261
2.046
2.166
2.167
2.172
2.084
2.195
2.164
2.128
2.181
2.031
2.208
2.210
2.219
2.215
2.174
2.266
2.170
2.223
2.181
2.135
2.276
2.183
2.251
2.111
2.125
2.289
2.199
2.273
2.193
2.161
2.210
2.068
2.193
2.165
2.199
2.237
2.007
2.002
2.213
2.166
2.223
2.063
2.227
2.186
2.175
2.076
2.171
2.359
2.174
2.217
2.239
2.181
2.446
2.156
2.128
2.407
2.173
2.159
2.352
2.329
2.204
2.188
1.982
2.146
2.198
2.035
2.180
2.047
2.210
2.218
2.159
2.056
2.177
2.188
2.204
2.029
2.100
2.203
2.163
2.218
2.162
2.060
2.028
2.206
2.221
2.200
2.146
2.323
2.401
2.220
2.272
2.118
2.249
2.240
2.267
2.001
2.204
2.135
2.106
2.103
2.201
2.203
2.235
2.119
2.021
2.179
2.018
2.268
2.299
2.204
2.057
1.994
2.187
2.150
2.333
2.213
2.191
2.077
2.071
2.167
2.182
2.121
2.093
2.187
2.138
2.162
2.020
2.040
2.174
2.156
2.157
2.079
2.033
2.152
2.165
2.066
2.190
2.233
2.224
2.131
2.071
2.265
2.218
2.175
2.019
2.374
2.221
2.142
2.070
2.109
2.154
2.234
2.182
2.200
2.184
2.161
2.194
2.046
2.329
2.191
2.020
2.133
2.229
2.078
2.229
2.229
2.235
2.167
2.352
2.212
2.227
2.198
1.984
2.047
2.132
2.146
2.185
2.212
2.242
2.076
2.069
2.121
2.117
2.178
2.231
2.053
2.198
2.389
2.291
2.174
2.221
2.198
2.161
2.189
2.175
2.287
2.246
2.086
2.223
2.131
2.215
2.180
2.390
2.444
2.268
2.143
2.212
2.279
2.135
2.089
2.104
2.178
2.305
2.120
2.163
2.168
2.226
2.186
2.776
2.248
2.170
2.184
2.214
2.213
2.027
2.288
2.165
2.196
2.180
2.050
2.010
2.063
2.209
2.129
2.341
2.225
2.176
2.149
2.049
2.210
2.160
2.237
2.234
2.156
2.046
2.156
2.225
2.140
2.165
2.089
2.159
2.223
2.219
2.037
2.274
2.186
2.189
2.014
2.117
2.168
2.154
2.212
2.119
2.047
2.251
2.152
2.140
2.070
2.096
2.151
2.390
2.295
2.454
2.248
2.218
2.115
2.148
2.236
2.226
2.100
2.182
2.333
2.387
2.275
2.227
2.137
2.232
2.154
2.053
2.232
2.225
2.233
2.185
2.110
2.191
2.198
2.225
2.208
2.144
2.233
2.053
2.287
2.184
2.206
2.074
2.035
2.228
2.110
2.177
2.057
2.191
2.387
2.220
2.198
2.225
2.187
2.169
2.208
2.053
2.152
2.179
2.087
2.179
2.176
2.286
2.264
44.108
2.166
2.068
2.225
1.511
1.491
1.552
1.510
1.487
1.488
1.517
1.490
1.470
1.499
1.516
2.230
2.138
2.266
2.076
2.200
2.151
2.068
2.030
2.099
2.071
2.152
2.196
2.214
2.186
2.232
2.207
2.060
2.052
2.170
2.159
2.214
2.257
3.314
3.505
3.504
3.585
3.543
3.594
3.787
3.812
3.580
3.515
3.486
3.370
3.478
3.486
3.514
3.569
3.526
3.574
3.323
3.565
4.341
3.599
3.328
3.483
3.576
4.762
3.455
3.303
3.477
3.527
3.467
3.571
3.279
3.572
3.519
3.593
3.474
3.529
3.535
3.554
3.608
3.651
3.318
3.372
3.518
3.566
3.666
3.329
3.572
3.423
3.574
3.324
3.526
3.644
3.502
3.350
3.458
3.475
3.353
3.475
3.577
3.587
3.659
3.486
3.488
3.687
3.543
3.333
6.732
3.479
3.576
3.244
3.242
3.486
3.525
3.499
3.504
3.528
3.300
3.544
3.550
3.526
3.252
3.816
3.489
3.848
3.707
3.849
3.538
3.495
3.610
3.539
3.703
3.517
3.569
3.494
3.839
3.479
3.539
3.495
3.535
3.471
3.662
3.250
3.603
3.497
3.452
3.355
3.256
3.504
3.540
3.490
3.361
3.497
3.469
3.441
3.480
3.646
3.581
3.515
3.673
3.540
3.529
3.306
3.438
3.624
3.670
3.501
3.306
3.602
3.307
3.331
3.259
3.507
3.482
3.593
3.310
3.594
3.498
3.508
3.263
3.503
3.575
3.432
3.617
3.500
3.535
3.231
3.445
3.564
3.565
3.823
3.489
3.530
3.275
3.310
3.281
3.623
3.621
3.256
3.325
3.528
3.498
3.521
3.495
3.506
3.421
3.471
3.622
3.514
3.313
3.601
3.672
3.544
3.654
3.569
3.517
3.339
3.529
3.516
3.758
3.552
3.459
3.461
3.543
3.498
3.606
3.279
3.533
3.532
3.541
3.466
3.518
3.230
3.317
3.315
3.370
3.288
3.418
3.568
3.490
3.483
3.512
3.494
3.233
3.438
3.524
3.318
3.490
3.584
3.302
3.535
3.552
3.525
3.498
3.537
3.485
3.484
3.458
3.798
3.471
3.633
3.534
3.666
3.368
3.551
3.542
3.553
3.483
3.298
3.614
3.531
3.568
3.329
3.495
3.605
3.497
3.610
3.512
3.806
3.746
3.517
3.550
3.758
3.516
3.442
3.785
3.510
3.508
3.487
3.377
3.450
3.490
3.537
3.403
3.536
3.524
3.645
3.733
3.495
3.527
3.502
3.483
3.545
3.596
3.512
3.487
3.461
3.478
3.588
3.402
3.574
3.453
3.496
3.309
3.425
3.511
3.596
3.285
3.543
3.472
3.543
3.482
3.329
3.779
3.601
3.540
3.624
3.541
3.508
3.516
3.470
3.370
3.537
3.427
3.551
3.442
3.718
3.472
3.654
3.559
3.319
3.599
3.521
3.497
3.279
3.484
3.571
3.484
3.261
3.503
3.473
3.502
3.282
3.325
3.573
3.509
3.494
3.484
3.563
3.624
3.487
3.626
3.733
3.489
3.268
3.559
3.558
3.537
3.382
3.521
3.535
3.317
3.293
3.584
3.530
3.460
3.322
3.271
3.552
3.736
3.544
3.282
3.521
3.571
3.645
3.885
3.468
3.576
3.285
3.486
3.632
3.552
3.475
3.546
3.424
3.480
3.300
3.540
3.516
3.594
3.541
3.377
3.544
3.490
3.563
3.538
3.593
3.610
3.616
3.487
3.683
3.569
3.556
3.441
3.602
3.537
3.495
3.239
3.554
3.274
3.595
3.580
3.744
3.480
3.129
3.484
3.457
3.563
3.562
3.279
3.506
3.397
3.466
3.466
3.600
3.527
3.479
3.563
4.224
3.355
3.512
3.575
3.569
3.338
3.610
3.629
3.468
3.324
3.515
3.446
3.493
3.488
3.315
3.250
3.524
3.558
3.643
3.328
3.536
3.524
3.359
3.534
3.635
3.603
3.602
3.524
3.607
3.518
3.535
3.288
3.558
3.508
3.670
3.439
3.520
3.479
3.500
3.350
3.556
3.666
3.331
3.331
3.597
3.553
3.495
3.252
3.570
3.469
3.527
6.104
6.361
5.788
6.174
6.191
6.218
6.261
6.220
6.199
6.298
7.316
6.665
19.399
6.270
6.139
6.232
6.114
6.351
6.298
6.170
6.330
6.350
6.182
6.186
6.114
6.245
5.874
6.247
6.143
5.940
5.821
6.220
6.280
7.129
6.197
6.555
6.698
6.674
4.160
4.271
4.253
4.349
4.183
4.189
4.240
4.241
4.255
4.313
4.168
6.284
5.931
5.825
5.883
6.285
6.284
5.751
6.252
6.253
6.170
5.725
6.314
6.162
6.275
5.817
5.758
6.144
6.344
5.865
6.188
6.425
6.018
6.301
6.198
6.258
6.233
5.921
6.235
6.226
6.134
6.690
4.172
4.351
4.205
4.285
4.204
4.176
4.173
4.214
4.315
4.186
4.227
4.247
4.160
4.270
4.336
4.195
4.400
4.459
4.222
4.238
4.362
4.190
4.204
4.215
4.274
4.232
4.219
4.272
4.183
4.183
4.186
4.379
4.174
4.259
4.158
4.348
4.272
4.317
4.300
6.276
6.277
6.111
5.711
6.582
6.219
6.212
6.096
6.218
5.746
6.136
6.413
6.187
5.724
6.273
6.130
6.800
6.142
6.239
6.718
6.151
6.646
6.705
6.179
6.166
5.440
5.786
4.609
6.196
6.664
6.216
6.164
6.310
6.355
6.698
6.186
6.218
6.671
6.114
6.281
6.644
6.186
6.219
6.291
6.117
6.250
5.849
6.256
6.239
6.174
5.965
6.155
6.349
6.354
5.852
6.178
6.309
6.201
6.231
6.193
5.826
6.453
20.532
6.111
5.741
5.840
6.251
6.222
5.817
6.086
6.183
6.187
5.861
6.075
6.309
6.278
5.891
6.236
6.150
6.118
6.855
5.846
6.444
6.194
5.915
6.269
6.158
6.155
6.248
6.149
6.152
6.225
6.224
5.878
6.177
5.889
5.848
5.784
5.743
6.220
6.325
5.822
5.852
6.393
6.232
6.257
6.318
6.175
6.238
6.143
6.403
6.113
6.587
6.768
6.303
6.209
6.146
6.647
6.392
6.189
6.167
6.264
6.199
6.223
6.199
7.615
6.134
6.671
6.159
6.264
6.128
6.297
6.253
6.150
6.201
6.652
6.212
6.162
6.229
6.280
6.130
6.215
5.724
6.211
5.750
5.749
5.922
6.223
6.346
6.218
6.202
6.224
6.220
5.880
6.327
6.255
5.832
6.220
6.396
5.950
6.171
6.212
6.241
6.185
5.785
6.327
6.169
6.633
6.175
6.210
6.256
6.224
5.856
5.769
6.194
6.139
6.264
6.387
6.220
6.143
6.270
6.316
6.208
6.168
6.289
5.779
6.208
6.239
6.241
6.277
5.744
6.163
6.368
6.201
5.909
6.243
6.166
6.175
5.794
5.849
6.123
6.157
6.125
5.924
7.368
6.206
6.172
6.161
5.775
6.135
6.200
6.293
5.844
6.099
6.184
6.221
6.241
6.313
6.269
6.291
6.382
6.206
6.223
6.228
6.254
4.329
4.293
4.332
4.272
4.383
4.411
4.179
4.198
4.314
4.255
4.274
4.258
4.227
4.272
4.240
4.217
4.186
4.311
4.389
4.211
4.258
4.179
4.232
4.214
4.231
4.368
4.252
4.289
4.166
4.230
4.238
4.178
4.205
4.297
4.230
4.287
4.223
4.308
4.234
4.253
4.293
4.232
4.233
4.202
4.190
4.267
4.259
4.237
4.251
4.209
4.304
4.253
4.259
4.213
4.190
4.252
4.364
4.351
4.199
4.208
4.282
4.242
4.301
4.206
4.210
4.127
4.240
4.191
4.213
4.241
4.228
4.206
4.222
4.221
4.224
4.298
4.245
4.268
4.270
5.811
6.203
6.162
6.206
6.172
6.183
6.217
6.245
5.764
6.178
6.214
5.763
6.189
5.911
6.208
6.156
6.153
5.811
5.788
6.211
6.261
6.302
6.764
6.184
6.190
6.195
6.347
12.363
11.559
11.498
12.692
11.517
11.764
11.476
11.586
10.677
11.603
11.942
11.511
11.597
10.889
11.561
11.545
11.476
10.799
11.486
11.893
11.543
11.431
11.543
11.607
11.051
10.946
11.691
12.318
12.448
11.580
12.283
12.602
12.413
12.171
12.697
13.170
12.298
11.564
9.647
9.180
12.322
12.384
12.011
12.424
12.436
11.701
11.602
11.535
12.280
11.679
11.813
11.859
11.618
11.468
12.353
11.561
10.838
11.475
11.570
11.478
10.783
10.798
11.609
30.446
11.661
12.351
11.503
10.826
10.911
11.757
11.584
11.524
10.884
11.615
11.527
11.592
11.536
11.506
11.497
10.703
11.647
11.535
11.693
11.657
11.561
11.612
11.593
11.573
11.706
10.880
10.879
11.640
11.396
11.555
10.858
11.480
11.654
11.646
10.925
10.775
11.529
11.583
10.888
10.876
11.610
11.657
11.523
10.862
10.853
11.645
11.668
11.594
10.138
10.797
11.590
11.547
11.584
11.202
10.986
11.530
11.580
11.479
11.601
11.502
11.558
11.654
10.807
11.681
11.551
11.502
12.461
11.428
11.559
11.744
11.220
11.516
11.676
11.502
11.029
11.018
10.868
11.483
11.750
12.406
12.492
11.585
11.579
11.547
17.227
11.616
11.497
11.523
11.542
11.430
10.728
11.696
11.573
14.328
10.675
11.606
11.488
11.597
31.727
10.840
10.870
11.477
11.457
11.555
11.267
11.615
11.564
11.708
12.341
11.652
11.544
12.365
12.326
12.372
12.289
11.909
11.568
10.949
11.563
11.537
11.558
10.837
11.590
11.521
11.554
10.790
10.850
11.601
11.661
11.579
12.381
11.489
11.545
11.490
12.308
11.754
11.533
11.644
11.587
10.924
11.478
11.678
11.617
11.532
10.813
11.432
11.505
11.490
11.579
11.833
11.613
10.988
11.608
11.500
10.709
11.389
11.511
11.532
11.448
10.837
11.497
11.807
11.735
11.545
10.658
11.647
11.004
11.531
11.557
11.722
11.583
11.731
11.519
11.623
11.468
10.788
11.579
11.535
11.560
10.875
11.552
11.526
11.567
10.908
10.710
11.725
11.446
10.768
13.286
11.576
11.631
11.629
10.963
11.529
11.514
10.806
10.873
12.241
11.400
10.903
10.966
11.592
11.478
11.468
11.512
11.414
11.609
13.392
10.871
11.604
11.692
11.631
10.795
10.824
11.587
11.571
12.322
11.556
11.509
10.882
11.533
11.465
11.558
10.217
11.532
11.499
11.552
11.809
11.600
11.817
11.579
12.348
11.415
10.816
11.676
11.516
11.508
10.829
11.595
11.522
11.607
11.601
11.750
11.486
10.808
11.559
11.592
11.601
11.465
11.497
11.666
11.521
11.623
11.637
10.770
11.642
11.592
10.860
11.623
11.576
11.556
11.470
11.560
11.557
11.565
11.405
11.575
11.552
11.436
11.512
11.569
11.450
11.651
11.602
11.418
12.525
10.101
8.253
10.723
11.521
12.447
12.212
11.497
11.551
11.507
11.665
11.530
11.854
11.543
11.577
11.612
11.702
10.901
11.488
11.443
11.579
11.200
11.581
11.689
11.752
11.547
11.761
11.564
11.455
10.863
11.579
12.386
11.552
11.497
12.445
12.447
11.521
11.631
10.759
10.796
10.779
11.464
11.485
10.870
11.495
11.000
11.538
11.471
11.394
11.508
11.624
11.723
10.890
10.860
11.736
11.539
27.799
10.831
11.698
11.614
12.453
10.887
12.631
11.632
11.527
11.417
11.701
11.554
11.533
11.496
11.591
12.512
11.518
11.409
11.649
11.537
11.008
11.629
11.554
11.561
11.453
10.774
11.556
11.597
11.006
10.841
11.595
11.719
11.433
11.548
11.541
11.825
11.708
10.895
11.542
11.701
11.530
10.909
10.847
11.506
11.530
11.685
11.499
10.828
11.797
10.822
11.509
11.458
11.563
11.803
11.583
22.282
20.882
22.143
22.242
20.791
22.552
22.350
22.132
22.128
21.138
22.193
22.243
20.790
22.202
20.814
22.340
21.026
22.300
23.750
24.100
20.937
22.217
22.226
22.739
20.871
22.468
22.365
23.993
22.115
22.289
22.122
22.372
23.751
22.186
22.796
22.204
22.179
22.238
22.149
21.096
22.277
22.559
21.006
22.448
22.346
22.202
22.277
22.151
22.216
22.513
21.094
22.263
22.496
22.206
20.724
22.801
22.139
24.014
22.707
22.288
22.193
21.151
20.723
22.179
22.172
21.181
22.201
22.418
21.046
22.296
22.290
22.281
20.907
21.143
22.180
22.317
22.178
20.740
22.125
22.257
22.201
20.875
22.558
22.148
20.828
22.362
22.494
26.430
22.232
22.420
22.174
22.365
20.814
22.375
22.201
22.324
22.107
22.381
22.220
22.319
20.744
22.098
22.321
22.657
20.930
22.433
22.254
22.044
21.027
22.175
22.335
43.809
22.360
22.151
22.241
22.118
20.869
22.202
22.240
22.300
22.120
22.493
22.579
22.256
20.974
22.283
22.461
22.141
22.214
20.811
22.125
22.227
20.843
20.913
22.399
22.700
22.103
20.904
22.172
22.239
22.389
22.204
22.418
37.628
22.289
22.509
22.148
22.296
20.918
22.197
22.133
21.013
20.878
22.209
22.523
22.541
20.874
22.275
22.186
21.049
23.962
22.221
22.261
22.273
22.194
23.922
22.128
22.541
22.550
22.262
22.311
23.862
22.369
22.561
22.251
22.396
22.289
22.316
22.276
22.388
22.312
20.948
22.139
22.127
20.911
22.120
22.612
22.515
20.963
20.748
22.247
22.128
20.843
22.248
22.241
22.351
20.785
22.640
22.384
22.323
20.890
22.530
22.416
22.317
22.341
22.224
22.039
23.894
23.598
22.586
22.191
22.147
22.366
26.978
22.587
22.377
22.209
22.549
22.606
22.128
22.248
20.936
22.119
22.196
22.339
20.879
22.620
22.165
24.469
22.815
22.222
22.162
22.340
22.233
22.313
22.302
22.272
22.217
22.155
22.295
22.279
22.277
22.156
35.266
22.168
22.011
28.209
22.357
22.699
22.117
22.316
21.197
22.384
22.360
20.657
22.301
24.990
22.496
22.215
21.255
15.093
15.191
15.204
15.061
17.689
15.181
15.203
15.102
15.245
15.106
15.274
15.119
15.089
15.263
15.290
15.325
15.428
15.207
15.111
15.185
15.145
15.218
15.175
15.111
15.273
15.154
15.168
15.202
15.234
15.166
15.187
15.151
15.110
15.353
15.122
15.173
15.247
15.255
15.139
15.160
15.245
15.158
15.316
15.537
15.078
15.449
15.180
15.277
15.149
15.398
15.155
15.197
15.227
15.369
15.596
15.122
15.184
15.124
15.075
18.581
15.101
15.331
15.211
15.161
82.639
15.093
15.239
15.122
15.148
15.133
15.154
15.282
15.305
15.127
15.078
15.436
15.280
15.168
15.268
15.237
17.995
15.289
15.064
15.413
15.122
15.152
15.115
15.048
15.357
15.280
15.234
15.019
15.252
15.185
15.305
15.190
15.123
15.160
15.052
15.323
15.174
15.080
15.163
15.254
15.263
15.358
15.162
15.309
15.181
15.119
15.491
15.188
15.181
15.522
15.126
15.153
15.183
15.285
15.143
15.447
15.364
15.217
15.218
15.230
15.205
15.286
15.086
15.165
15.216
15.315
15.303
15.106
15.163
15.301
15.277
15.421
15.217
15.196
15.178
15.081
15.358
15.123
15.139
15.201
15.163
15.209
15.130
15.154
15.121
15.264
15.221
15.168
15.135
15.224
15.104
15.136
15.132
15.194
15.238
15.078
15.430
15.050
15.178
15.119
15.103
15.165
15.198
15.132
15.209
15.128
15.242
15.277
15.368
15.192
15.062
15.269
15.191
15.250
15.110
15.169
15.259
15.116
15.158
15.158
15.163
15.127
21.606
20.936
22.265
22.098
49.004
41.186
49.155
45.688
49.264
45.881
45.814
45.977
45.943
42.778
45.735
45.958
46.049
42.811
42.847
45.878
45.889
42.636
45.684
46.021
45.489
42.783
46.234
45.420
46.005
46.117
45.879
45.932
45.652
42.836
42.829
45.676
45.753
45.674
45.854
45.964
45.991
42.850
45.832
46.159
55.526
43.027
45.828
45.996
45.709
45.763
45.526
46.595
46.177
42.737
46.053
45.770
46.055
45.789
45.795
46.104
42.630
46.143
45.744
43.222
43.065
45.653
45.616
42.678
42.719
46.093
45.751
46.038
42.965
46.176
46.470
45.977
45.707
43.159
46.269
49.163
45.689
49.045
45.835
46.207
46.574
45.943
46.048
46.297
46.092
45.487
45.580
42.922
42.829
45.775
45.576
45.668
42.860
46.131
45.910
45.917
43.027
45.822
46.038
45.833
46.147
46.358
43.102
45.717
45.920
45.838
48.825
45.494
46.120
45.764
43.006
42.625
45.672
45.744
45.654
45.899
45.898
45.983
45.722
45.727
45.695
45.870
45.611
43.039
46.017
42.913
45.840
45.512
45.815
45.749
46.079
45.558
45.717
43.399
46.039
46.497
45.752
42.850
45.734
45.685
45.420
45.994
45.856
42.806
46.032
45.656
45.643
49.862
45.813
45.822
46.077
46.074
45.897
47.669
45.847
45.933
45.518
45.831
46.181
45.797
48.890
45.789
43.145
42.805
45.895
45.827
45.676
42.726
45.814
45.701
46.370
46.010
49.096
45.795
43.138
45.382
45.653
43.160
46.009
46.922
45.652
45.852
45.683
45.627
42.687
46.516
48.964
49.375
46.123
46.166
45.855
70.365
42.970
45.770
45.714
45.908
45.930
46.079
45.928
43.121
42.762
46.005
46.007
42.502
42.803
46.414
49.519
42.743
45.889
45.786
63.582
45.672
45.452
46.057
45.883
45.992
48.872
45.809
46.715
49.222
46.108
45.804
47.730
45.510
45.663
42.767
44.150
45.593
45.997
46.056
45.709
48.338
45.993
45.648
45.583
46.174
45.823
45.991
46.210
45.854
46.149
45.826
46.772
43.218
46.158
45.987
45.950
48.856
45.968
45.744
45.405
45.902
46.324
45.906
49.095
49.346
49.253
46.206
46.276
48.992
45.876
45.938
201.600
43.059
46.139
45.784
45.624
42.697
45.655
45.924
43.065
42.929
45.788
45.556
45.903
46.389
46.176
45.929
45.417
45.580
45.802
45.576
45.910
45.669
45.655
45.715
45.934
45.848
53.690
45.925
45.996
46.389
46.302
46.166
45.729
49.325
45.656
45.690
45.664
46.360
45.831
42.796
45.654
45.617
42.876
46.131
45.654
43.310
46.488
42.956
48.885
45.757
46.016
43.177
42.890
45.730
46.292
42.986
44.965
45.579
45.882
45.531
43.314
45.656
45.933
45.805
45.690
46.004
49.331
48.971
43.180
45.798
45.659
43.003
45.645
45.999
42.976
43.035
48.633
45.815
45.763
45.718
45.855
45.745
43.214
42.778
46.208
45.675
43.103
45.665
45.905
45.846
46.246
45.718
45.603
45.958
46.057
48.828
46.200
42.894
45.731
45.660
45.994
43.381
45.886
43.131
45.997
46.023
45.765
46.001
42.677
45.836
46.036
42.783
45.781
45.841
46.011
42.814
45.942
45.830
44.748
45.662
46.246
45.603
45.806
45.871
45.933
45.996
46.008
45.470
45.636
46.051
45.631
45.820
46.183
43.742
42.926
46.212
43.079
46.122
45.690
46.129
43.140
45.649
45.991
54.985
46.043
45.521
31.232
45.986
45.776
46.012
45.971
45.778
45.854
45.810
45.708
45.826
46.094
46.022
46.080
46.170
50.693
45.774
45.861
45.884
45.627
46.168
45.664
43.029
45.645
45.629
42.818
46.115
46.246
45.600
47.114
43.000
48.771
45.866
45.919
46.242
45.584
46.150
45.924
45.702
45.783
43.462
43.144
46.076
