1.191
0.960
1.662
1.395
1.926
1.481
1.701
1.383
1.680
1.585
1.249
1.798
1.191
2.200
1.380
1.368
1.338
1.256
1.254
1.107
1.469
1.075
1.028
1.047
1.130
1.041
0.883
1.424
0.921
5.353
1.036
1.092
1.455
1.082
1.033
1.055
1.366
0.924
1.141
1.156
1.053
1.301
1.200
1.119
1.148
1.138
1.086
1.594
1.094
1.072
0.899
1.023
1.035
1.260
0.963
1.047
1.139
1.357
1.153
1.124
0.979
0.898
1.381
0.928
1.215
1.416
1.201
1.021
1.497
1.096
1.195
1.160
1.069
1.134
1.041
1.032
1.444
1.305
1.896
1.589
1.070
1.056
1.098
2.470
0.989
1.129
1.092
1.101
1.077
1.152
1.041
1.151
2.861
1.050
1.651
1.232
1.765
0.969
6.157
0.942
1.211
1.126
1.212
1.007
1.394
1.227
1.112
1.023
1.062
1.305
1.368
1.427
1.516
1.192
1.453
1.557
1.941
1.354
1.545
1.347
1.524
1.783
1.841
2.132
1.679
1.725
1.298
1.560
1.564
1.501
1.535
1.239
1.339
1.335
1.440
1.505
1.765
1.440
1.535
1.525
1.514
1.517
1.493
10.351
5.758
1.490
1.448
1.719
1.170
1.649
1.484
1.874
1.434
1.102
1.309
1.230
1.469
1.514
1.582
1.564
1.511
1.479
1.297
1.565
1.775
1.500
1.494
1.407
1.445
1.334
1.506
6.130
1.314
1.491
1.505
1.718
1.398
1.248
1.754
1.857
1.329
1.420
1.860
1.205
1.478
1.541
1.811
1.825
1.774
2.362
1.352
1.266
1.587
1.439
1.433
1.555
1.519
1.475
1.332
1.201
1.268
1.880
1.665
1.391
1.442
1.330
1.455
1.106
1.473
1.504
1.563
1.823
1.447
1.794
1.676
1.642
2.745
1.581
3.106
1.475
2.111
1.315
1.418
1.890
1.475
1.804
1.417
1.314
1.650
1.376
1.811
1.476
1.412
1.323
1.397
1.552
1.381
1.704
1.534
1.531
1.959
1.510
1.405
1.389
1.644
1.375
1.400
1.412
1.309
1.177
1.321
1.458
1.548
1.396
1.734
1.828
1.354
1.289
1.795
1.569
1.691
1.875
1.732
1.918
1.471
1.620
1.657
1.401
2.161
1.349
1.669
1.488
1.466
1.617
1.442
1.576
1.499
2.120
1.604
1.566
1.604
1.934
2.790
1.448
1.469
1.527
1.494
1.527
1.546
1.467
1.356
1.779
1.503
3.835
1.812
1.413
1.290
1.227
1.611
1.370
1.802
1.464
1.275
1.211
6.084
1.562
1.552
1.391
2.644
1.377
2.193
1.379
1.703
1.370
1.528
1.280
2.271
1.792
1.568
1.550
9.983
1.489
1.464
1.926
1.473
1.329
1.274
1.555
1.170
1.209
1.504
1.405
1.307
1.155
1.417
1.229
1.103
1.410
5.072
2.009
1.524
1.405
1.392
1.109
1.666
3.722
1.462
1.550
1.224
1.298
1.333
1.382
1.510
1.550
1.482
1.994
1.291
1.279
1.461
1.359
1.336
1.605
1.637
1.280
1.765
1.302
1.406
1.966
1.881
1.624
1.367
1.295
1.320
1.318
1.297
1.425
1.383
1.197
1.447
1.888
1.932
1.791
5.017
2.064
1.425
1.998
1.985
2.182
1.245
1.452
1.501
1.482
1.418
1.458
1.236
1.411
1.539
1.529
1.804
1.269
1.552
1.326
1.859
1.597
1.431
1.422
1.321
1.607
1.207
1.100
1.667
1.539
1.469
1.674
2.161
1.792
1.291
1.592
1.774
1.486
1.545
1.429
1.091
1.117
1.365
1.543
1.414
1.585
1.514
1.337
1.317
1.284
1.542
1.301
1.365
1.421
1.423
1.737
1.318
1.247
1.410
1.561
1.325
1.545
1.491
1.263
1.245
1.138
1.283
5.712
2.116
2.042
1.560
1.594
2.822
1.529
1.644
1.667
1.720
1.779
1.703
1.711
1.632
2.003
1.654
1.582
1.866
1.719
1.988
2.115
1.856
1.753
1.523
3.097
1.743
1.671
1.873
1.592
1.801
2.067
1.531
1.833
1.805
1.797
1.743
1.482
1.561
1.751
1.648
1.872
1.679
1.386
1.712
1.413
1.833
1.478
1.979
1.909
1.852
1.678
1.700
1.645
1.715
3.356
2.432
1.429
1.808
1.420
1.501
1.474
1.651
1.743
1.937
1.430
1.770
1.795
1.739
1.441
1.839
2.119
1.595
2.022
2.279
1.758
1.637
1.527
1.677
1.771
1.461
1.424
1.630
1.764
1.763
2.565
1.657
1.670
1.458
2.044
1.700
1.732
1.604
1.540
1.802
1.834
1.521
1.517
2.213
1.804
1.494
1.850
1.752
1.953
1.599
2.057
1.831
1.722
1.583
1.747
2.063
1.813
1.658
1.983
2.077
1.452
1.956
1.848
1.691
1.439
1.674
1.863
2.308
1.996
1.897
1.913
1.707
2.262
1.942
1.827
2.279
2.174
1.551
1.789
1.796
1.889
2.115
1.744
1.814
1.797
2.160
2.177
2.077
1.748
1.875
1.725
2.065
1.442
1.762
1.705
1.759
1.763
1.648
1.705
1.729
1.767
1.924
2.203
2.569
2.451
1.906
2.004
1.821
1.759
1.699
1.605
1.631
1.834
1.721
1.771
1.853
1.864
1.220
1.717
1.492
1.192
1.239
1.124
1.223
1.408
1.303
1.252
1.178
1.394
1.149
1.183
1.306
1.118
1.276
1.230
1.311
1.270
1.175
6.814
1.344
1.129
1.643
1.632
1.665
1.753
2.687
1.546
1.541
1.789
2.137
1.657
1.900
2.112
1.854
1.841
1.554
1.864
2.144
2.196
1.678
1.657
1.703
1.545
1.619
1.927
2.148
1.802
2.334
2.092
1.463
1.561
1.860
1.717
1.710
1.726
1.826
1.701
1.552
1.525
2.340
1.767
1.585
1.873
1.808
1.828
1.652
1.557
1.732
1.979
2.347
1.811
1.723
1.798
2.107
1.809
1.904
1.830
1.927
1.710
1.724
1.519
1.465
1.661
2.534
1.599
1.649
1.526
1.721
2.091
1.632
1.507
1.739
2.373
1.686
1.374
1.565
1.794
1.669
1.684
1.672
1.981
1.639
1.765
1.819
1.860
1.888
2.439
1.621
1.733
1.679
1.663
1.704
1.539
1.682
1.587
1.722
1.547
1.846
1.820
1.621
1.533
1.641
1.701
1.470
1.503
1.624
2.542
1.858
1.561
1.430
1.580
1.684
1.623
1.797
1.648
1.714
1.632
1.766
1.870
1.799
1.941
2.595
1.849
2.306
1.571
2.014
1.988
2.048
1.606
1.674
1.950
2.524
2.159
1.573
1.764
1.782
1.796
1.390
1.847
1.879
1.681
1.591
2.200
2.402
1.860
1.581
1.716
1.869
1.755
1.699
1.672
1.431
1.750
11.487
1.866
1.821
1.485
1.766
1.646
1.521
2.031
1.643
1.764
1.545
2.171
2.343
1.907
1.825
1.675
2.003
1.761
1.463
1.734
1.734
1.508
1.857
1.611
1.685
1.693
2.554
1.751
1.990
1.776
1.712
1.435
2.171
1.738
1.680
1.814
1.829
1.833
2.392
1.562
1.526
1.887
1.969
1.507
1.780
2.159
1.735
2.022
1.601
1.881
1.863
5.238
1.494
3.250
1.831
1.532
1.369
1.675
1.752
1.712
1.775
5.706
1.662
1.757
1.816
1.746
1.608
1.823
1.717
1.779
1.776
1.645
1.768
1.610
1.667
1.566
1.377
6.212
1.965
1.722
1.618
1.448
1.724
1.684
1.502
1.428
2.076
1.651
1.678
1.837
1.631
1.627
1.449
2.418
1.891
2.349
1.977
1.618
1.653
1.510
1.777
2.039
1.996
1.691
2.662
2.241
7.175
2.659
2.461
2.473
2.337
2.424
2.500
2.355
2.454
2.920
2.767
2.081
2.335
2.323
2.701
2.674
2.765
2.109
2.315
2.284
2.300
2.427
2.324
2.446
2.253
2.224
2.253
2.272
2.364
2.227
2.212
6.818
2.346
2.390
2.656
2.724
2.326
2.385
2.456
2.362
2.328
9.765
2.361
2.527
2.117
2.808
2.341
2.164
2.302
2.288
2.627
2.615
2.209
2.635
2.357
2.056
2.587
2.875
2.497
2.488
2.632
2.668
2.095
2.616
2.182
2.002
2.212
2.734
2.160
2.665
2.663
2.257
6.811
2.462
2.293
2.260
1.967
2.261
2.264
2.289
2.383
7.263
2.629
2.690
2.469
2.504
2.329
2.171
2.009
2.906
2.783
2.354
2.136
2.258
1.754
1.739
1.741
1.717
1.703
1.782
1.558
1.644
1.627
2.164
1.788
2.025
1.769
1.889
1.889
1.645
1.678
1.688
2.102
1.987
1.874
1.811
1.846
1.760
1.547
1.693
1.834
1.579
1.739
1.659
1.810
1.758
1.626
1.881
2.269
1.663
1.734
1.592
1.700
1.704
1.667
1.743
2.162
2.244
1.883
1.785
1.586
1.792
1.727
1.608
1.714
1.719
2.764
2.479
2.336
2.213
2.419
2.434
2.482
2.438
2.396
2.444
2.235
2.866
2.457
2.229
2.050
2.436
2.321
2.392
2.000
2.675
2.491
2.299
2.082
2.621
2.689
2.184
2.485
2.988
2.513
7.186
2.967
3.105
2.833
2.716
2.404
2.477
2.862
2.388
2.385
2.419
2.300
2.416
2.416
2.227
2.193
2.463
2.552
2.459
1.776
3.094
1.843
1.749
1.590
1.646
1.774
1.574
1.966
1.764
1.656
1.654
1.687
1.573
1.704
1.644
1.630
1.835
1.611
1.655
1.625
1.684
1.665
1.748
1.623
1.613
1.538
1.649
1.566
1.626
1.968
1.592
1.716
1.714
1.648
1.811
1.920
1.732
1.779
1.546
1.665
1.682
1.694
2.722
1.624
1.821
1.699
1.681
1.690
1.782
1.945
1.743
1.708
2.060
1.661
1.711
2.457
1.890
1.636
1.712
1.936
1.851
1.816
1.508
1.688
1.765
2.059
1.839
1.726
1.687
1.628
1.643
6.981
1.880
1.695
1.646
1.537
1.706
1.960
1.733
1.769
2.134
1.616
1.637
1.645
1.613
1.654
1.699
1.529
1.654
1.705
1.577
2.017
1.691
1.745
1.683
1.596
1.652
1.648
1.532
2.001
1.670
1.633
1.866
1.879
1.636
1.647
1.556
1.984
1.663
2.054
1.700
2.016
1.745
1.723
2.415
2.478
2.502
2.313
2.367
2.311
3.061
2.461
6.517
2.890
2.528
2.121
2.447
2.392
2.156
1.962
2.591
2.508
2.076
2.439
2.477
2.455
2.247
2.073
2.707
2.764
2.249
2.537
2.427
2.386
2.191
2.476
2.405
2.692
2.034
2.390
2.424
2.548
2.590
3.183
2.368
2.401
2.363
2.373
3.904
2.286
2.477
2.460
2.102
2.485
2.514
2.191
2.254
2.444
2.443
2.268
6.849
2.480
2.358
2.162
2.185
2.800
2.700
2.846
2.329
2.331
2.396
2.058
2.687
3.197
2.091
2.349
2.231
2.448
2.795
2.179
5.874
2.414
2.311
2.033
2.433
3.129
2.774
2.803
2.876
2.418
2.363
2.319
2.414
2.425
2.443
2.538
2.490
2.182
2.958
2.501
2.183
2.587
2.300
2.599
2.301
2.583
3.033
2.272
1.973
3.018
2.560
2.294
2.360
2.350
2.395
2.470
2.276
2.293
2.235
2.371
2.600
2.669
2.678
2.465
7.077
2.206
1.599
1.754
1.758
1.827
1.827
1.636
1.736
2.036
2.403
2.805
2.555
2.252
2.291
2.262
2.608
3.170
3.056
4.053
3.739
3.421
3.485
3.616
3.522
3.754
3.616
3.612
3.665
3.580
3.537
3.337
4.255
3.413
3.736
4.574
3.384
3.657
3.512
3.842
3.171
3.608
3.505
3.482
3.214
3.668
3.637
3.328
3.498
3.549
3.752
3.319
3.196
3.628
3.963
3.556
3.153
3.510
3.507
3.509
3.472
3.118
3.552
3.316
3.411
3.766
3.559
3.469
3.524
3.152
3.600
3.587
4.037
3.731
4.017
3.709
3.662
3.764
3.699
3.575
3.493
3.833
3.740
4.888
3.705
4.111
3.389
3.628
3.521
4.217
3.814
3.339
3.720
3.719
3.619
3.986
3.856
4.008
3.336
4.208
3.491
3.526
3.832
4.014
3.719
4.124
6.087
4.082
3.541
4.109
4.026
3.977
3.549
3.640
3.405
3.687
3.384
3.636
3.520
3.574
3.569
4.847
3.502
3.327
3.512
3.578
3.599
3.274
8.096
6.021
3.603
3.628
3.629
3.445
3.460
3.542
3.699
3.251
3.572
4.062
3.459
3.457
3.837
4.033
6.462
3.588
3.501
3.628
3.166
3.519
3.609
3.596
3.593
3.561
3.403
3.600
3.635
3.467
3.259
4.445
3.727
3.480
3.674
3.497
3.931
3.479
3.155
3.562
3.549
3.467
3.674
3.698
3.264
3.927
3.469
3.405
3.692
3.718
3.716
3.602
4.196
3.370
4.284
3.910
3.531
3.625
3.592
3.696
3.340
3.564
3.871
5.503
3.358
3.682
4.256
3.447
3.284
3.445
3.498
3.521
3.698
3.352
3.649
3.542
3.247
3.548
3.579
4.093
3.192
4.037
4.684
3.809
3.728
3.622
3.523
3.544
3.577
4.744
3.457
3.758
4.133
3.553
3.274
3.657
3.644
3.655
3.317
3.710
3.691
8.159
3.646
3.643
6.703
4.069
3.479
3.528
3.159
3.561
3.502
3.145
3.198
3.822
3.943
3.154
3.223
3.894
3.540
3.155
3.749
3.571
3.554
3.198
3.607
3.455
5.340
3.976
3.630
3.994
3.346
4.063
3.555
3.836
3.600
3.921
4.089
3.596
3.627
3.885
3.283
3.453
3.550
3.453
3.279
3.597
3.562
4.059
3.578
3.495
3.469
3.495
3.517
3.280
3.182
4.238
3.586
3.762
3.534
3.501
3.328
3.272
3.514
6.301
3.657
3.530
4.193
3.496
3.579
3.498
3.114
3.824
3.630
3.494
3.231
4.017
3.643
3.507
3.465
3.552
3.465
3.345
3.552
3.561
3.544
3.604
3.936
3.608
2.459
2.528
2.577
2.507
4.168
2.536
2.495
2.506
2.543
2.508
2.614
6.458
2.691
2.907
2.812
2.699
2.676
2.720
2.449
2.955
2.587
2.401
2.507
2.433
2.710
3.472
2.942
2.513
10.735
7.369
2.545
2.526
2.544
2.506
2.513
2.587
2.551
2.398
2.299
2.826
2.375
2.506
2.448
2.543
3.394
10.834
8.786
3.427
3.529
3.772
3.819
3.407
3.732
4.038
3.610
3.341
4.182
3.514
3.764
3.622
3.579
4.742
8.292
3.719
3.750
3.658
4.049
3.684
3.753
3.763
3.708
3.619
3.667
3.954
3.641
4.255
3.692
3.692
3.672
3.602
3.731
3.400
3.686
4.033
3.489
3.552
3.551
3.942
3.843
3.546
3.800
3.520
3.351
3.253
3.889
3.659
3.756
3.296
4.351
4.090
3.806
3.601
3.556
3.601
3.748
3.361
3.322
3.616
3.679
7.356
3.715
4.175
3.521
3.316
3.676
3.678
3.486
3.543
3.833
3.800
7.419
3.904
4.027
4.683
3.810
3.994
3.644
3.524
3.253
4.189
4.761
4.089
3.848
3.969
3.758
3.684
3.532
3.822
3.771
3.779
3.719
3.805
3.690
3.599
3.989
3.351
3.660
3.638
3.483
3.343
3.700
3.678
3.321
6.656
5.638
5.486
6.757
6.351
5.981
6.050
6.067
6.031
6.543
5.882
6.393
6.131
6.013
6.123
5.849
5.885
5.627
6.587
6.143
6.197
5.437
6.261
6.335
5.519
6.308
6.369
5.910
6.000
6.395
6.069
6.278
5.992
5.972
5.964
5.472
5.984
5.713
5.896
5.976
6.198
5.926
6.164
6.162
6.110
5.992
5.996
6.217
6.062
6.342
6.681
9.152
6.691
6.438
6.065
5.917
6.048
6.118
5.792
5.518
5.957
6.150
6.275
5.605
6.451
6.004
5.626
9.775
6.039
6.154
5.583
6.183
6.732
6.483
6.132
6.461
6.095
5.622
6.432
6.610
6.365
6.073
6.217
5.587
6.568
6.127
6.196
6.043
5.803
6.793
6.107
6.659
6.544
6.046
6.139
6.129
5.941
6.106
6.145
6.481
5.898
6.158
6.153
6.052
6.026
6.044
6.093
5.491
6.392
6.059
5.929
6.471
6.452
6.077
5.811
5.465
6.204
6.166
5.924
6.433
6.245
6.979
6.091
6.126
6.005
6.143
73.343
5.591
6.505
6.293
5.865
5.441
6.338
6.035
5.555
4.279
4.248
4.382
4.159
4.765
4.127
4.645
4.320
4.138
4.453
4.132
4.640
6.421
6.882
6.586
6.013
6.041
5.829
5.941
6.151
6.198
6.055
6.149
6.060
5.918
6.130
6.240
5.980
6.213
6.261
6.427
6.120
6.107
6.264
5.636
5.862
5.866
6.172
5.603
7.257
6.033
5.996
5.671
6.018
6.044
5.964
5.566
6.471
6.083
5.695
5.914
5.945
6.028
5.869
5.936
6.133
6.192
5.864
6.792
5.974
6.071
5.735
6.081
6.021
5.851
6.865
6.130
6.078
7.063
6.465
5.800
9.514
6.455
5.992
7.899
6.061
6.134
6.060
6.562
6.075
10.582
5.623
7.947
6.155
5.999
5.531
6.186
6.138
6.112
6.533
6.117
5.767
6.917
6.067
6.105
6.491
6.154
6.102
5.989
5.482
6.098
5.980
6.016
6.431
6.035
5.959
6.028
6.036
6.148
6.110
5.908
5.960
5.989
5.567
6.478
6.087
6.096
6.056
6.005
6.294
6.322
6.115
5.902
5.888
5.971
6.041
5.779
6.267
6.216
6.153
6.156
6.537
6.180
6.273
7.889
6.308
7.045
6.308
6.114
6.423
5.995
6.073
6.520
5.840
5.508
6.140
6.484
5.870
5.619
6.199
6.587
6.073
6.128
6.004
5.502
6.389
6.568
6.043
8.064
6.078
6.119
5.580
6.110
5.957
6.251
6.137
6.544
6.108
5.727
6.037
6.005
6.529
6.675
6.179
6.035
5.880
6.504
6.339
6.322
5.929
6.621
6.497
5.466
11.035
6.090
6.668
5.970
5.597
6.031
5.988
5.755
6.137
6.186
59.722
5.595
6.180
6.180
5.959
5.917
6.241
6.384
5.711
6.312
6.159
6.520
5.671
6.273
6.304
6.039
6.569
6.404
5.846
6.383
6.124
6.216
5.614
6.890
6.630
5.566
6.331
6.083
6.064
5.747
6.341
6.589
5.577
6.189
6.198
6.110
5.650
6.276
6.098
6.189
6.256
6.161
5.912
5.572
6.269
6.187
5.517
6.102
6.457
6.138
5.515
6.178
6.576
5.914
6.282
6.149
10.668
6.375
5.948
6.185
6.147
6.537
5.759
6.154
6.222
6.125
5.880
6.436
6.683
6.214
5.584
6.116
5.981
6.348
5.554
6.961
6.035
5.843
6.124
6.048
6.005
6.112
6.283
6.071
6.149
5.580
5.999
6.171
6.130
6.354
6.540
6.132
5.512
5.595
6.540
6.712
6.125
6.112
6.184
5.865
5.505
5.515
6.162
5.601
6.042
5.986
5.587
5.667
6.054
5.940
5.994
5.975
5.996
6.104
5.940
6.042
5.921
5.451
6.000
5.963
5.921
6.201
11.859
10.965
11.049
10.997
11.130
11.288
10.976
17.970
12.987
11.164
11.259
11.081
11.294
10.987
10.840
11.645
10.904
11.429
10.990
11.010
11.422
10.194
10.241
10.992
10.956
11.317
11.092
11.485
10.739
12.761
11.161
10.963
11.229
11.249
11.180
10.384
10.945
11.023
11.256
10.963
10.969
11.745
10.934
10.936
14.536
11.094
11.246
11.521
10.877
11.327
10.792
10.636
10.955
10.931
10.899
10.656
11.112
10.151
10.899
11.033
11.061
12.665
11.060
11.071
11.042
10.785
10.239
11.027
13.368
11.102
10.841
11.500
11.351
10.090
11.217
10.968
10.929
10.193
11.024
11.437
10.962
15.256
11.448
10.990
11.204
11.109
10.898
10.179
11.096
11.063
10.997
10.616
10.947
11.073
11.442
10.214
10.402
10.959
11.425
10.143
11.272
10.154
10.374
11.125
15.687
11.210
10.991
11.200
11.128
11.215
11.211
11.066
11.502
11.440
10.983
11.550
11.163
11.115
11.003
11.557
10.552
10.968
11.130
11.237
10.998
11.475
10.960
11.049
10.985
10.875
10.172
11.106
10.953
11.014
11.077
10.890
11.094
11.053
19.619
12.723
11.117
12.236
11.654
10.916
11.889
10.175
10.329
10.976
11.539
10.827
11.507
11.414
10.856
11.822
11.151
11.074
11.437
11.601
11.135
11.869
11.068
10.863
10.338
11.097
10.469
10.956
16.129
10.906
10.903
11.115
11.424
10.868
10.403
10.961
10.966
10.253
10.884
11.284
10.964
10.870
10.969
10.966
10.870
11.423
11.056
11.705
11.078
11.110
10.366
11.135
11.041
10.535
11.279
12.526
12.018
11.546
10.952
12.469
11.726
11.102
11.372
11.974
11.763
11.402
7.787
7.713
7.584
11.062
10.903
10.959
11.482
11.194
10.941
11.808
11.323
11.455
10.993
10.985
12.360
10.976
19.825
11.094
10.878
10.936
11.084
10.247
11.008
11.510
10.634
17.060
11.501
10.989
11.351
10.576
11.095
11.054
11.419
10.599
11.079
11.028
11.124
10.259
11.058
11.574
10.954
10.269
11.547
11.453
11.220
11.361
11.142
10.222
12.720
12.409
10.344
11.059
11.421
10.835
10.587
11.154
11.885
11.052
12.448
11.036
10.268
10.913
11.834
10.925
14.374
11.413
11.133
10.986
10.430
14.655
11.101
11.008
11.133
13.353
10.317
11.093
11.441
14.345
11.039
10.920
11.298
16.096
11.818
11.062
10.379
10.113
11.117
11.073
10.276
11.880
11.528
11.052
11.140
11.099
10.951
10.172
11.133
11.309
11.105
11.151
11.760
10.971
11.115
11.028
11.134
10.573
11.059
11.899
10.217
11.325
11.130
11.479
10.125
10.957
71.088
10.229
11.315
10.891
10.867
11.590
11.175
11.153
10.194
11.227
10.779
11.680
11.139
11.615
12.104
10.874
9.407
11.419
11.088
11.297
11.095
10.314
11.443
10.776
11.140
11.390
10.982
10.083
10.941
10.980
10.924
12.460
11.343
10.891
11.072
11.856
10.779
10.258
11.060
10.933
18.091
11.102
11.120
10.913
12.970
10.952
11.083
11.404
10.264
11.071
11.409
12.024
11.705
11.067
10.995
11.067
11.044
11.712
11.152
11.279
10.224
10.095
11.433
10.958
10.954
11.093
11.066
10.343
11.165
11.056
11.232
11.105
11.142
11.177
10.311
10.309
11.165
11.068
12.494
12.159
11.054
11.055
11.991
10.439
11.009
10.946
11.623
11.202
11.377
11.172
11.572
11.195
11.347
11.617
11.169
12.307
11.063
11.280
11.578
10.191
11.099
10.318
14.657
10.913
10.982
12.870
10.862
10.977
11.193
10.219
10.264
11.193
11.036
11.823
11.049
10.988
11.505
10.681
13.951
11.055
11.328
11.376
14.440
10.921
11.077
11.805
10.974
15.257
10.309
11.217
11.483
10.477
21.212
21.535
21.119
20.942
21.147
20.668
20.726
20.956
20.934
21.322
21.201
21.024
19.808
19.509
20.851
21.023
21.128
19.640
20.808
20.861
19.591
19.807
21.049
21.055
19.845
19.385
22.944
19.517
20.772
19.884
21.258
19.610
21.051
19.476
20.803
20.702
19.439
19.407
20.850
20.957
19.751
20.867
21.122
19.643
19.437
20.929
24.234
20.965
20.822
21.614
20.869
19.508
21.384
20.992
19.498
20.863
19.595
22.746
20.828
20.296
21.026
20.999
20.933
21.073
21.212
21.071
20.274
21.712
21.446
20.921
21.643
20.915
21.368
19.506
20.894
21.497
19.659
20.869
20.840
21.277
19.755
19.676
21.341
20.869
20.756
22.605
19.543
20.947
21.469
21.036
19.750
19.901
19.511
21.483
21.533
21.527
21.563
21.127
21.020
21.031
20.990
20.813
21.046
21.398
20.821
19.854
21.371
32.436
21.315
21.316
21.615
20.616
19.895
21.140
20.897
19.516
21.336
21.031
20.834
19.464
21.832
20.869
19.543
21.229
21.272
26.075
20.920
24.008
20.937
20.702
20.916
20.874
21.202
19.621
21.129
21.172
20.214
20.749
21.128
19.895
21.050
21.202
20.903
21.072
21.363
20.984
23.189
20.943
21.154
20.615
19.823
22.197
20.978
19.951
20.905
20.909
23.928
19.577
21.144
21.048
24.486
21.573
20.990
19.527
20.401
20.938
18.588
20.754
20.096
20.782
20.707
20.916
21.166
20.994
21.031
19.648
23.113
40.605
20.911
21.197
21.287
21.486
21.000
21.393
20.935
20.805
20.885
21.029
21.518
21.406
20.932
20.913
21.641
21.106
21.235
21.412
21.056
21.079
19.951
19.552
20.959
21.703
20.943
20.951
20.997
20.962
21.010
20.925
36.241
19.526
21.375
21.318
20.965
24.714
25.979
20.929
20.929
21.042
14.562
14.294
14.408
14.368
14.268
14.656
14.579
14.262
14.539
14.485
14.412
14.828
14.408
14.331
14.568
14.290
14.708
14.312
14.478
14.506
14.776
14.400
14.774
14.618
14.549
14.588
14.483
14.478
14.589
14.627
14.849
19.535
21.128
20.000
21.009
20.921
22.672
21.384
22.508
22.489
20.836
19.479
22.428
21.211
19.489
29.367
20.941
21.226
19.467
21.034
21.138
104.671
21.190
21.052
20.919
21.036
22.018
20.940
20.923
21.282
21.124
21.334
19.571
20.954
20.825
21.105
21.209
21.293
19.700
21.140
20.969
20.743
21.136
30.054
20.957
19.539
27.204
21.924
20.784
20.776
20.843
21.109
21.038
20.924
20.759
21.122
21.512
20.838
21.378
21.087
25.706
19.699
20.995
21.075
21.481
21.020
19.479
21.039
20.903
19.450
19.433
20.880
21.026
20.903
21.116
21.057
20.859
19.979
21.033
21.466
20.941
21.150
21.517
20.922
21.705
20.905
19.847
19.621
21.950
21.014
21.047
19.481
21.094
20.861
25.909
21.010
21.078
21.084
19.959
20.957
20.802
19.546
21.358
21.407
19.600
20.974
19.777
21.049
20.788
20.903
19.400
20.775
25.593
20.508
24.295
20.911
20.094
24.094
22.353
20.923
20.206
20.927
20.965
19.525
19.471
21.028
21.947
19.626
21.305
21.032
21.413
19.666
21.430
20.909
21.684
21.339
21.132
19.798
19.529
25.858
21.044
20.914
21.332
21.419
21.004
21.229
20.866
21.071
21.076
20.918
21.018
21.222
20.986
20.893
21.003
21.100
19.889
21.750
20.891
21.081
19.411
22.858
21.295
20.795
20.925
21.386
21.346
20.959
20.863
20.665
19.953
20.995
20.978
19.513
20.777
21.740
19.508
19.415
21.026
20.861
20.842
20.805
20.988
21.047
20.855
19.484
21.239
21.041
20.871
21.372
20.859
20.752
21.545
21.151
21.491
20.964
19.509
27.074
21.005
19.538
21.371
20.853
122.248
40.331
42.558
42.870
39.989
43.292
43.061
42.807
40.244
40.445
42.607
43.056
40.538
43.224
43.117
42.893
42.999
42.589
42.796
43.041
42.834
46.579
45.975
46.420
45.910
46.723
39.596
33.360
29.353
29.423
29.587
29.386
29.442
29.461
30.703
29.294
29.638
29.583
30.069
29.520
29.884
29.505
29.618
29.454
29.853
29.925
29.724
29.689
33.186
29.644
29.137
29.315
32.585
42.852
42.904
40.567
42.674
43.114
42.735
40.200
43.012
43.280
43.460
42.797
42.980
40.325
42.798
42.911
39.940
44.151
43.215
42.849
40.625
43.166
42.645
40.883
43.638
43.372
42.861
43.434
43.241
41.172
42.841
42.838
40.324
46.918
43.160
43.065
42.492
40.093
43.337
55.257
40.170
43.325
43.138
42.995
43.069
42.901
40.201
43.148
43.078
39.983
43.046
43.143
42.893
42.980
43.144
42.627
43.594
42.874
42.924
43.756
43.090
42.830
42.936
42.991
42.839
42.233
43.329
65.361
42.862
43.326
43.645
40.241
46.224
42.798
43.033
43.103
43.467
40.423
44.241
43.299
43.105
43.032
42.936
42.650
45.942
43.242
45.971
43.321
43.128
43.166
43.269
43.014
42.979
43.074
40.616
42.883
42.836
42.586
42.680
43.205
44.809
43.369
43.086
42.913
43.018
43.205
42.932
42.812
43.440
43.174
42.951
42.943
40.684
29.679
29.507
29.771
29.187
29.797
30.849
29.132
29.549
30.921
29.509
29.452
29.410
29.119
29.324
29.626
29.236
29.382
29.614
29.627
31.639
29.532
29.434
29.140
29.381
30.082
29.942
30.342
29.426
39.396
46.037
42.756
39.972
48.190
42.675
40.484
43.924
43.205
42.923
43.296
42.961
40.288
42.867
43.015
40.271
40.262
40.189
42.853
42.833
42.741
40.041
43.301
43.272
43.015
40.310
43.865
42.774
42.782
43.047
43.035
42.906
42.790
49.684
43.175
43.169
42.654
43.252
43.211
42.952
39.964
43.220
43.665
43.158
42.953
40.170
40.086
42.961
43.025
43.536
43.103
42.982
43.146
40.403
42.990
42.776
43.137
40.424
43.173
42.464
43.760
43.317
43.061
42.867
46.385
43.211
42.760
43.348
43.281
42.739
48.327
43.177
40.552
42.810
43.336
42.748
40.208
43.089
43.118
42.970
43.456
42.814
42.888
43.498
42.972
43.453
43.198
43.092
42.747
43.350
40.541
43.148
43.815
43.120
43.550
43.617
43.265
46.930
44.281
43.418
42.928
43.212
43.200
43.577
40.944
42.921
42.803
43.124
43.598
46.290
43.098
43.154
40.427
43.190
42.934
43.231
43.373
43.345
42.951
42.959
39.942
40.455
43.032
40.083
41.110
43.520
42.745
42.887
43.142
42.870
43.158
43.003
43.606
40.031
39.827
42.966
42.969
40.056
43.147
43.822
40.867
43.329
66.443
39.883
42.975
42.563
39.913
42.967
42.856
41.626
39.877
43.091
42.860
42.838
40.138
42.919
43.255
42.802
42.998
42.737
44.849
40.074
42.696
43.337
43.723
43.220
43.447
43.331
43.608
42.857
43.632
43.489
45.688
39.990
43.375
42.735
39.887
40.200
57.744
40.414
43.155
45.900
40.168
43.375
42.939
40.358
40.011
42.820
42.799
40.306
44.140
42.893
40.486
43.050
58.651
42.961
43.344
42.954
42.895
43.880
42.759
42.908
43.244
42.928
46.460
43.013
42.774
40.142
40.600
43.157
42.630
40.151
42.959
43.311
46.436
43.180
43.257
43.199
42.677
37.754
29.729
43.478
42.924
42.991
43.346
43.655
42.657
42.823
42.875
43.333
43.106
39.918
42.939
43.472
42.850
42.673
43.074
42.572
40.287
40.971
43.043
42.908
42.738
42.753
40.287
43.156
43.076
43.122
39.958
43.311
43.043
42.838
43.516
42.659
43.174
43.469
43.154
