1.229
1.029
1.599
1.654
1.793
1.745
2.231
1.603
1.616
1.858
1.514
1.680
1.326
1.841
1.615
1.656
1.511
1.302
1.873
1.367
1.240
1.313
1.116
1.176
1.387
1.073
0.933
1.398
0.973
1.185
1.127
1.188
5.435
1.047
1.090
1.020
1.131
1.176
1.211
1.019
0.959
1.272
1.334
1.160
1.176
1.572
1.659
1.305
1.052
1.037
1.015
1.503
1.003
1.192
0.925
1.084
1.095
1.081
1.318
1.035
0.939
0.956
1.155
1.019
1.222
1.497
1.445
0.983
1.205
1.016
1.124
0.983
1.227
1.698
1.185
1.437
1.275
1.808
1.032
1.847
1.015
1.128
1.051
1.499
1.209
1.171
1.268
1.184
1.089
1.040
1.044
1.023
2.008
1.221
2.177
1.208
1.468
1.103
1.129
1.236
1.337
2.620
1.973
1.070
1.200
1.186
1.104
1.109
1.248
1.440
1.488
1.500
1.735
1.472
10.360
2.117
1.628
1.466
2.700
1.396
1.637
1.644
2.119
1.898
2.017
1.508
1.691
2.184
1.887
1.577
1.605
2.233
1.296
1.295
2.067
1.784
1.804
1.688
1.870
2.104
1.256
1.755
1.577
1.648
1.781
1.603
2.073
1.520
1.426
2.010
1.732
1.689
1.913
1.379
1.732
1.422
1.621
1.644
1.804
1.587
1.620
1.582
1.310
1.592
1.672
1.558
1.557
1.574
1.550
1.292
1.708
1.436
1.503
1.782
1.441
1.743
1.489
1.381
2.205
2.597
1.616
1.581
1.784
1.272
2.044
1.767
1.849
1.709
1.501
1.747
1.435
1.561
2.021
1.590
1.679
1.455
1.559
1.634
1.456
1.345
1.336
1.744
1.538
6.094
1.617
1.497
1.382
1.354
1.692
1.945
1.866
1.590
1.433
1.521
1.556
1.794
2.191
1.756
1.502
1.980
1.485
1.451
1.608
1.641
1.684
1.687
2.035
1.759
1.628
1.448
1.948
1.735
1.682
2.066
1.703
1.504
1.611
1.649
1.778
1.670
1.724
1.623
1.516
2.123
1.466
1.577
2.043
1.663
1.500
1.385
1.317
1.378
1.996
1.483
1.433
1.516
1.465
1.570
2.050
1.594
1.907
1.654
2.043
1.619
1.532
1.624
1.990
1.901
1.709
1.449
1.909
1.602
1.457
2.001
2.000
1.852
2.127
1.334
1.535
1.959
1.734
1.808
2.764
1.510
1.530
1.727
1.430
1.574
1.941
1.803
1.322
1.473
1.580
2.012
1.741
1.487
1.499
1.353
1.783
1.652
1.619
2.044
1.240
1.240
1.784
1.551
2.039
1.751
2.535
1.724
1.554
1.552
1.596
1.410
1.779
1.366
2.003
1.926
1.587
1.401
1.412
1.640
1.395
1.683
1.999
1.315
1.288
1.670
1.258
1.303
1.509
1.899
1.663
1.202
1.639
1.344
1.348
1.394
1.974
1.366
1.571
1.732
1.387
1.901
1.849
2.101
1.649
1.397
1.261
1.606
1.395
1.243
1.808
1.588
1.465
2.111
1.427
1.522
1.655
1.696
1.370
1.557
1.413
1.396
1.735
1.287
1.523
1.744
1.618
1.408
1.488
1.360
1.634
1.593
1.484
2.049
1.714
1.500
1.501
1.744
2.130
1.851
1.729
1.745
1.848
1.665
1.755
1.863
1.427
1.663
1.752
1.686
6.025
1.540
1.467
1.910
1.635
6.485
1.774
1.509
1.709
1.809
1.545
1.738
2.497
1.706
1.591
2.051
1.279
1.210
1.518
2.084
1.616
1.343
1.972
1.895
1.305
1.272
1.787
1.624
6.382
1.945
1.406
1.419
1.239
1.432
1.393
1.939
1.510
1.465
1.460
1.367
2.002
1.404
1.569
1.526
1.663
1.842
1.423
1.223
1.369
6.714
1.495
1.858
1.687
1.244
1.382
1.284
1.778
1.849
2.021
1.975
1.661
1.688
2.461
1.745
6.356
1.957
2.211
2.048
1.774
2.087
1.728
2.180
1.840
1.684
2.134
1.978
1.976
2.102
5.647
2.003
1.608
2.061
1.916
1.751
1.468
2.094
1.909
1.917
2.054
1.791
1.960
1.835
1.986
1.764
1.700
2.129
2.209
1.786
10.405
1.710
1.611
5.575
2.184
1.696
1.995
2.238
2.262
1.835
1.771
2.071
1.846
1.922
2.432
1.718
1.990
1.613
1.778
1.883
2.225
2.156
1.447
1.594
2.140
2.263
2.347
1.664
1.844
1.893
1.452
1.785
1.980
2.085
2.195
2.274
1.868
2.009
1.660
1.521
1.973
1.881
2.009
2.415
1.974
2.046
2.071
1.769
1.833
2.034
1.706
1.758
2.115
1.834
1.762
1.800
1.929
1.938
1.970
2.006
1.876
1.741
1.800
6.951
1.884
2.053
1.663
1.857
1.850
1.984
1.849
1.974
1.939
1.778
2.378
2.064
1.968
1.581
2.282
1.997
2.424
1.922
2.174
3.134
1.964
2.115
2.469
1.772
2.269
1.991
1.631
1.881
1.995
2.070
1.738
1.939
1.802
1.875
4.077
1.866
2.074
1.965
1.985
1.913
1.895
1.628
2.050
2.381
1.859
2.006
1.865
2.285
2.025
2.057
2.632
2.342
2.141
2.361
2.651
2.245
2.328
2.012
2.311
1.842
2.118
1.986
1.890
2.222
2.482
2.195
1.557
1.627
1.938
1.334
2.061
1.343
1.666
1.421
1.308
1.334
1.311
1.909
1.389
1.363
1.463
1.367
1.620
1.437
1.494
1.852
1.383
1.445
1.521
1.232
1.752
1.911
1.872
6.771
2.090
1.742
1.780
1.754
1.881
1.746
1.838
1.798
1.854
2.112
1.600
2.329
2.116
4.300
1.709
2.299
2.057
1.820
1.954
2.118
2.004
2.502
1.985
1.974
1.753
1.961
2.017
2.048
2.549
1.850
2.179
2.321
1.797
2.125
2.330
1.892
1.878
1.967
2.072
2.075
1.771
1.620
2.011
2.218
1.928
1.789
1.855
2.127
2.526
2.086
2.169
2.018
2.340
2.248
1.822
1.604
1.886
1.866
1.840
1.981
1.993
2.090
2.629
2.123
2.620
1.839
2.067
1.841
1.823
1.592
1.811
1.765
2.436
1.881
2.005
1.871
2.623
2.418
7.199
1.797
2.296
1.972
1.818
1.884
1.910
1.940
2.157
1.684
1.773
1.693
1.991
1.736
2.130
1.807
2.117
1.529
1.771
2.036
2.178
2.073
2.181
1.984
2.344
1.687
1.779
2.288
1.956
1.734
1.893
2.266
1.955
2.114
2.077
1.980
1.995
1.897
2.046
2.133
2.147
1.782
1.485
2.121
1.927
1.708
2.437
2.367
1.896
2.014
1.657
1.955
2.314
2.055
1.693
2.301
2.618
1.881
1.704
1.840
2.117
1.963
1.717
1.859
1.943
1.796
2.017
1.730
1.671
2.040
2.116
2.487
1.756
1.875
1.988
1.841
2.373
11.333
1.942
1.953
1.725
2.230
2.326
1.667
2.050
1.951
1.970
1.764
1.752
1.897
1.794
1.533
1.693
1.714
4.782
2.012
2.044
1.797
2.033
2.093
1.690
3.767
2.339
1.788
1.788
2.084
2.526
2.415
5.431
1.603
1.651
2.062
2.629
1.835
1.972
6.672
1.740
1.739
1.861
2.044
1.821
1.574
1.567
2.207
1.856
1.648
1.527
1.823
1.818
2.104
2.256
1.925
1.937
2.391
1.615
1.798
2.040
1.696
1.997
1.858
2.108
2.196
1.880
1.719
2.230
1.778
1.733
1.788
1.798
1.906
1.811
1.704
2.028
2.251
1.619
1.923
1.819
1.852
2.330
1.797
1.863
1.753
1.546
2.342
1.811
1.953
1.964
1.934
1.628
1.572
1.728
2.169
2.034
1.974
3.384
2.570
2.415
2.437
2.613
2.740
3.194
2.795
2.680
2.624
2.731
2.788
2.624
2.035
2.896
2.813
2.850
2.757
2.995
2.337
2.767
2.440
2.587
2.914
2.423
2.904
2.731
2.397
2.520
2.443
2.541
2.739
2.258
2.436
2.562
2.762
2.964
2.611
3.933
2.174
2.565
2.510
2.580
2.767
2.696
2.630
2.388
3.298
2.554
2.640
2.458
2.488
2.411
2.438
2.572
2.408
2.466
2.111
2.716
2.566
2.976
2.269
2.220
2.849
2.232
2.440
2.441
2.250
2.382
2.492
4.393
2.086
2.542
2.594
2.205
2.615
2.460
6.615
2.150
4.720
2.820
2.592
2.486
2.732
7.251
2.504
2.557
2.913
2.743
2.416
2.134
2.795
2.537
2.665
2.678
2.990
1.860
1.917
1.829
1.660
1.727
6.841
1.702
1.752
1.802
1.889
1.808
2.128
1.951
1.719
2.170
1.801
1.745
1.813
2.089
2.057
1.748
1.840
1.807
1.955
1.570
1.799
1.833
1.753
2.154
2.350
1.891
2.109
2.189
1.986
1.915
2.001
1.929
2.014
1.938
2.031
1.772
2.277
1.995
2.179
2.488
1.733
1.596
1.935
1.998
1.714
1.830
1.902
2.753
2.741
2.466
2.179
2.526
7.120
2.558
2.623
2.492
2.960
2.264
2.325
2.819
2.651
2.025
2.561
7.129
3.060
2.253
3.013
2.528
2.930
2.435
2.717
2.737
2.463
2.770
2.878
2.510
2.928
3.161
2.965
3.443
3.036
2.942
2.762
2.480
2.511
7.493
2.777
2.451
2.838
2.531
2.553
2.314
2.766
2.497
3.244
2.058
2.888
1.663
1.840
1.690
1.732
1.883
1.634
2.200
1.746
1.589
1.670
1.661
1.651
1.703
1.867
1.714
1.915
1.709
1.721
1.831
2.100
1.720
1.640
1.847
1.748
2.091
1.880
1.627
1.917
1.908
1.901
8.184
1.867
1.847
1.655
6.067
1.761
2.208
1.556
1.748
1.793
1.923
2.021
1.675
1.764
1.831
1.762
1.825
1.918
1.596
1.703
1.777
7.467
1.732
1.634
1.824
2.262
1.717
1.790
1.654
1.785
1.662
1.639
1.762
1.668
1.866
1.729
1.727
2.191
1.732
1.801
1.712
1.730
1.747
2.097
1.614
1.970
2.066
1.774
1.861
2.135
14.556
1.783
1.654
1.756
1.667
1.729
1.636
1.738
1.620
1.581
1.650
1.831
1.842
1.679
1.589
1.811
1.723
1.693
2.095
1.666
1.707
1.862
1.883
1.712
1.734
1.681
1.697
1.755
1.669
1.655
1.749
1.671
1.681
2.403
2.897
2.463
2.428
2.344
2.556
2.941
2.468
2.351
2.782
2.519
2.152
2.442
2.468
2.244
2.139
2.646
2.609
2.344
2.529
2.376
2.984
2.190
2.314
2.386
2.518
2.399
2.561
2.921
2.448
2.210
2.495
2.488
2.503
2.226
2.450
2.580
2.832
2.298
2.439
2.895
2.951
2.532
2.894
4.683
2.713
2.956
3.139
2.238
2.652
2.508
2.331
2.887
2.945
2.487
2.415
2.186
2.541
2.469
2.249
2.294
2.621
2.716
2.923
2.578
2.576
2.927
2.072
2.572
2.417
2.164
2.296
2.344
2.360
2.389
2.236
2.552
2.561
2.359
2.150
2.555
2.300
2.208
3.272
2.517
2.870
2.535
3.068
2.951
2.626
2.422
2.582
2.701
2.291
2.675
2.497
2.276
3.065
2.617
2.522
2.400
2.804
2.707
2.449
2.036
2.673
2.523
2.459
3.015
7.190
2.570
2.480
2.296
2.553
2.333
2.496
2.711
2.868
3.824
2.891
3.745
2.246
1.571
1.727
1.634
1.719
1.692
1.770
2.139
2.131
2.258
2.504
4.801
2.401
2.494
2.256
3.139
3.169
3.515
4.095
4.043
3.548
4.029
3.838
3.840
4.110
3.666
3.628
3.505
3.625
3.422
3.712
3.727
3.729
3.286
4.398
3.969
4.143
3.770
3.672
3.311
3.789
3.758
3.609
3.390
3.744
4.081
3.256
3.567
3.644
3.756
3.413
3.288
4.257
3.808
3.898
3.344
3.244
3.565
3.820
3.827
3.531
4.325
3.870
4.172
3.509
3.993
4.014
4.111
3.477
3.933
3.636
4.372
4.563
3.898
4.115
4.392
4.388
4.264
3.722
3.444
4.369
4.337
4.657
3.471
3.983
3.657
3.687
3.651
3.887
3.558
3.755
4.180
4.039
3.732
4.157
4.228
4.317
3.613
4.024
3.709
4.117
5.951
3.856
4.257
3.955
3.825
4.532
3.782
4.325
4.128
3.792
3.898
3.821
3.432
3.864
3.600
4.113
4.043
3.825
4.220
4.652
3.768
3.404
4.142
3.590
8.054
3.487
3.663
3.780
3.825
4.188
4.382
3.768
3.614
3.530
3.863
4.261
4.099
3.946
3.522
4.208
3.789
4.118
4.292
3.844
3.801
4.301
3.890
4.334
4.064
3.936
4.067
3.826
4.194
4.165
6.122
3.456
3.526
3.849
4.208
3.614
3.824
4.062
3.769
3.789
3.414
4.188
4.411
3.995
4.163
4.281
3.475
3.362
4.047
3.698
3.900
3.889
4.059
3.845
3.699
3.803
4.536
4.392
3.887
4.280
3.924
3.981
3.673
4.209
4.350
3.647
3.337
3.844
3.628
3.653
3.862
3.425
4.245
4.161
3.997
3.689
4.015
4.028
3.217
3.863
3.679
3.924
3.399
3.974
3.698
4.314
3.729
4.061
3.710
3.703
4.184
4.657
4.209
3.882
3.771
3.524
3.777
3.538
4.117
3.685
3.338
3.792
3.643
3.848
3.854
4.113
3.612
6.222
3.888
3.695
3.542
3.963
4.247
3.830
3.546
3.688
3.880
3.452
3.752
3.724
3.674
3.293
3.644
4.412
4.155
3.287
4.173
4.156
24.512
3.864
3.942
3.665
3.491
3.654
4.355
3.701
8.373
4.196
3.890
4.312
3.762
3.806
3.441
3.665
4.155
3.623
3.651
4.229
4.131
3.604
3.772
6.790
3.523
3.818
7.438
3.849
3.541
4.322
3.724
3.603
3.464
4.197
3.623
3.419
4.121
3.766
4.411
4.145
4.186
3.822
4.146
4.004
3.307
6.589
3.741
4.262
3.440
4.570
3.993
3.610
3.432
4.193
3.909
3.832
3.748
3.829
3.479
3.816
3.813
3.691
2.652
2.665
2.726
7.629
4.082
3.314
2.645
2.674
2.604
2.718
3.201
2.711
2.930
2.874
6.312
2.680
2.921
2.929
2.589
6.120
2.552
2.491
2.913
3.038
5.445
2.724
2.622
2.832
2.672
2.769
3.061
2.760
2.500
2.477
2.572
2.754
6.909
2.647
2.417
3.166
2.441
5.951
2.837
2.401
3.485
3.828
3.880
3.558
4.121
8.569
4.026
3.611
4.242
4.267
3.605
3.445
3.802
4.160
4.139
3.853
4.258
4.069
3.486
3.795
4.172
4.051
3.722
3.726
3.640
4.109
4.126
3.454
3.715
3.971
3.814
7.024
3.731
3.787
4.136
3.756
4.313
3.577
4.095
3.749
3.746
3.367
4.131
3.930
3.600
3.651
3.643
3.950
3.582
3.354
3.566
3.739
3.612
4.016
4.588
3.916
4.224
3.720
3.680
3.689
7.132
3.628
3.770
3.840
4.217
3.377
3.893
4.192
3.694
3.475
4.162
8.266
3.626
3.383
4.276
4.213
3.371
3.836
3.811
3.613
3.766
3.877
3.868
3.831
3.516
4.059
3.880
3.422
7.270
4.441
4.057
3.933
3.415
4.138
3.648
3.791
3.997
3.372
4.213
4.301
3.597
3.378
4.267
3.876
3.916
4.012
3.979
3.888
3.829
7.209
5.792
5.834
7.344
6.348
6.061
6.265
6.881
6.709
5.721
6.111
6.538
6.508
6.564
6.824
6.255
6.549
5.984
6.563
6.900
6.380
5.737
6.437
6.151
6.304
6.366
6.120
6.556
6.238
6.742
6.386
7.381
6.602
6.550
6.498
6.100
6.210
6.293
6.555
6.221
8.512
6.647
6.914
10.112
6.172
5.973
6.028
6.316
6.144
6.632
7.147
8.289
6.756
6.253
6.244
6.005
6.028
6.696
6.157
6.053
6.828
6.554
6.428
5.555
6.872
6.447
6.121
6.606
6.663
6.686
6.180
6.634
6.740
6.570
6.727
6.202
6.235
5.791
7.170
6.227
6.094
6.475
6.796
5.762
6.541
6.794
6.473
6.444
6.662
6.885
6.367
7.139
7.584
6.654
6.852
6.396
6.043
6.750
6.790
6.433
6.262
6.105
6.750
6.760
6.578
6.802
6.219
5.700
6.462
6.436
6.021
6.235
6.927
6.277
6.098
5.575
6.397
6.530
6.208
6.277
6.558
7.696
6.514
11.582
6.550
6.550
6.271
5.767
6.362
6.683
6.499
5.666
6.805
6.558
6.150
4.935
4.300
4.362
6.430
4.315
4.222
5.003
4.246
4.463
4.316
4.217
4.775
6.406
7.167
6.709
6.665
6.679
6.078
6.244
6.609
6.229
6.731
6.345
6.630
5.989
6.819
6.602
6.132
6.651
6.352
6.981
6.774
6.703
6.682
6.102
6.083
6.552
6.721
5.594
6.487
6.789
6.135
6.055
6.676
6.688
6.132
5.686
6.408
6.154
6.348
5.697
6.281
6.157
5.602
10.380
6.340
7.579
5.970
6.807
6.651
6.253
6.288
6.113
6.121
5.711
6.071
6.231
6.258
6.847
7.048
6.091
6.595
6.193
6.143
6.729
6.676
6.222
6.180
6.647
6.870
6.620
5.529
7.899
6.520
9.744
6.145
7.017
6.393
6.530
6.627
6.737
5.685
8.299
6.532
6.594
6.724
6.145
6.622
6.018
5.633
6.281
6.014
6.927
6.385
6.742
8.442
6.299
6.176
6.055
6.816
6.221
6.680
5.639
5.617
6.203
6.391
6.371
6.120
6.234
6.582
6.489
6.625
6.636
6.169
6.281
6.221
6.229
6.920
6.908
6.315
8.622
8.773
6.750
6.867
5.746
6.665
6.331
6.846
6.271
6.763
6.525
6.647
6.786
6.645
5.736
6.714
6.861
6.215
5.593
6.608
6.271
6.118
6.576
6.366
6.157
6.766
6.878
6.600
5.959
6.877
6.663
6.105
6.315
6.196
6.644
6.483
6.647
6.358
5.795
6.627
6.484
6.282
6.526
6.108
6.113
6.573
6.279
6.309
6.735
6.185
7.044
6.253
5.580
6.112
6.153
6.212
5.737
5.761
6.562
6.309
6.145
6.417
6.274
10.904
6.007
6.337
6.898
6.536
6.201
6.524
6.337
5.774
6.160
11.079
6.527
6.135
6.684
6.569
6.329
6.765
7.252
6.752
6.531
6.622
6.436
6.070
6.213
6.450
5.876
7.025
6.797
11.298
6.120
6.828
6.229
5.706
6.771
6.687
6.671
5.607
6.702
6.517
6.287
6.276
6.236
6.455
5.995
6.884
10.914
5.783
6.634
6.209
6.718
6.001
6.345
6.207
11.489
6.393
6.579
7.633
6.887
6.092
6.809
6.318
6.675
6.603
6.875
6.639
6.717
5.723
6.687
6.435
7.176
6.159
6.279
6.870
6.824
5.661
6.163
6.875
6.297
11.029
6.714
6.546
10.850
6.720
6.393
7.021
6.279
6.762
6.328
6.441
6.195
6.564
6.118
5.945
6.129
6.114
6.506
6.402
6.661
6.703
6.051
5.995
6.063
6.728
5.669
6.656
6.245
5.580
6.176
9.815
6.165
6.246
6.338
6.684
6.314
6.073
6.666
6.479
5.656
6.212
6.157
5.971
6.188
11.303
11.205
11.634
11.772
11.714
11.661
11.612
11.406
10.594
11.155
11.220
11.167
11.129
11.349
11.139
11.939
11.537
12.798
12.144
11.273
11.139
10.838
10.492
11.714
11.236
11.623
11.279
11.307
10.833
11.377
11.758
11.920
11.610
11.694
11.924
10.483
12.011
11.210
11.701
11.562
11.557
11.729
11.341
11.409
11.973
11.262
11.772
11.155
10.724
11.617
11.319
10.834
11.203
11.986
11.129
10.901
11.372
10.708
11.903
11.729
11.696
13.080
11.651
12.293
11.916
11.210
10.591
12.319
11.932
11.833
11.395
11.327
11.277
10.857
11.828
11.857
11.359
10.881
12.097
11.952
11.121
11.569
11.807
12.189
11.138
11.689
11.341
10.471
11.574
12.434
11.471
10.547
11.850
11.432
11.075
10.279
11.540
11.510
11.336
10.853
15.386
10.319
10.477
11.480
12.175
10.909
10.997
11.351
11.143
11.840
11.813
11.892
11.318
11.396
11.304
11.292
11.300
11.813
11.175
11.459
10.802
11.289
11.222
11.221
11.587
11.799
11.581
11.160
11.856
11.252
10.248
13.914
11.559
12.154
11.110
12.561
15.578
11.825
12.139
10.939
12.133
12.054
11.204
11.611
12.485
10.827
11.476
11.279
12.810
11.288
11.740
11.932
11.650
12.250
11.904
10.875
11.333
11.914
11.770
12.482
11.866
11.174
11.038
11.314
11.004
11.399
12.114
11.348
12.394
13.276
11.711
11.282
10.584
11.917
11.353
10.601
11.197
14.495
11.190
11.310
11.538
11.324
11.392
11.765
11.687
11.728
11.383
12.080
11.284
11.756
11.524
11.444
11.623
15.991
12.174
11.116
11.167
12.915
11.957
11.254
11.542
12.682
12.166
11.623
8.099
8.215
8.153
11.803
11.709
11.144
11.177
11.081
11.233
12.201
11.395
11.495
10.234
11.618
12.246
12.272
11.996
19.420
11.345
10.998
11.509
10.742
11.810
11.735
10.777
10.904
11.544
11.710
11.424
10.324
11.416
12.191
11.253
10.575
10.591
11.379
12.034
10.428
15.860
11.318
11.556
10.924
11.829
11.681
13.657
11.775
11.754
10.539
11.652
11.224
10.475
11.651
11.634
26.770
10.945
11.414
12.624
11.783
12.866
11.803
11.394
11.240
12.458
10.860
11.348
11.491
11.853
11.724
10.764
12.009
11.264
11.994
11.349
11.552
10.535
11.393
11.616
10.977
11.851
11.308
11.205
11.871
11.751
11.692
11.056
10.815
11.949
11.641
11.092
12.632
12.611
11.672
11.695
11.720
11.189
12.019
11.591
12.021
11.874
11.717
12.247
11.312
11.802
11.229
11.688
16.270
11.750
11.351
10.482
15.038
11.815
11.896
11.010
11.833
11.848
11.168
11.649
11.819
11.278
11.500
11.982
11.844
10.561
11.273
11.031
11.567
12.360
11.871
12.389
11.136
9.867
11.722
14.968
11.287
10.992
10.626
11.597
11.228
11.322
12.154
11.467
10.487
11.720
11.473
11.252
11.540
11.322
11.258
11.854
12.287
11.417
10.486
11.201
11.715
11.967
11.811
11.438
11.001
11.184
11.801
11.831
11.758
10.452
11.830
11.596
11.940
12.374
13.898
11.068
11.744
11.680
12.183
11.885
11.826
10.499
11.181
11.528
13.655
11.676
11.944
11.333
11.176
11.236
11.557
12.149
11.693
11.956
11.685
10.833
10.835
11.895
11.910
13.341
12.788
15.932
11.452
12.244
11.060
11.410
12.160
11.900
11.732
11.255
11.502
14.048
11.860
11.484
12.296
11.784
12.157
12.243
11.762
11.090
10.785
11.205
10.666
11.587
11.226
11.800
10.959
11.061
12.349
12.059
10.427
16.237
11.875
11.722
11.371
11.349
11.828
11.911
11.599
11.803
12.270
12.249
12.142
11.976
11.366
11.811
11.985
11.461
11.725
10.521
11.354
11.526
11.526
21.530
21.877
21.328
21.434
21.323
21.178
21.174
21.824
21.348
21.313
21.402
21.659
19.898
20.319
21.311
21.366
21.425
20.186
21.709
21.513
20.243
20.249
21.759
21.611
19.870
20.101
23.639
19.989
21.673
19.872
21.419
19.839
21.141
19.934
21.098
21.104
19.902
19.936
25.875
21.153
19.777
21.212
21.837
20.090
20.238
21.714
21.547
21.919
21.604
21.628
21.572
19.792
21.402
21.587
20.172
21.406
19.827
22.893
21.730
20.399
22.293
21.195
21.332
21.590
21.489
21.533
19.922
21.771
22.061
21.179
21.997
22.170
21.247
20.193
21.726
21.915
20.076
21.276
21.768
21.808
19.902
19.880
21.770
21.530
21.649
22.009
20.110
21.402
21.836
21.442
19.932
19.862
19.704
22.014
21.474
21.412
26.090
21.674
21.387
22.277
21.912
21.647
21.771
23.340
20.959
19.822
21.305
21.802
21.708
21.898
21.618
21.063
19.770
21.327
21.423
19.919
21.147
21.183
21.594
19.961
22.096
21.725
20.158
21.691
21.449
22.369
21.806
21.302
21.533
21.522
21.437
21.806
21.733
23.037
21.981
21.483
20.632
21.308
21.270
20.384
21.937
21.461
21.306
22.340
21.413
26.212
21.453
21.629
21.427
34.878
20.426
21.315
21.914
19.989
21.618
21.335
20.163
20.228
22.085
21.733
24.662
21.645
22.043
20.062
20.352
21.599
18.753
21.017
20.341
21.575
22.178
21.362
21.668
21.454
21.387
19.831
23.032
21.788
21.782
21.552
22.503
21.910
21.867
21.461
21.332
21.716
21.310
21.839
21.698
21.622
21.274
21.688
21.734
21.829
21.269
21.237
21.602
21.320
22.701
20.122
21.429
21.841
21.524
21.949
21.387
21.505
21.322
21.362
21.398
23.335
21.880
21.359
21.337
21.931
21.364
21.168
21.649
21.231
14.594
14.524
14.555
15.066
64.966
14.607
14.601
14.361
18.100
18.468
14.654
14.556
14.846
15.722
23.084
14.927
14.544
14.725
14.655
14.718
15.007
18.031
14.905
15.166
14.718
15.197
15.499
14.807
15.045
14.539
14.942
19.755
21.506
20.628
21.518
21.702
23.319
21.718
23.017
23.084
21.175
20.260
22.708
21.556
19.709
21.255
21.322
21.525
19.837
21.365
21.244
21.756
21.655
21.576
21.403
26.308
21.424
22.230
22.813
21.887
21.701
21.201
20.283
21.648
21.099
23.717
21.560
21.786
20.218
21.721
21.754
21.212
21.741
22.141
21.260
20.369
22.654
22.213
21.959
21.138
21.919
21.875
21.380
21.523
21.523
21.514
21.899
21.687
21.522
21.400
21.348
19.800
21.564
22.005
22.123
21.192
20.113
21.335
21.245
19.657
19.894
21.361
21.909
21.666
26.001
21.931
21.887
20.133
25.551
22.089
21.543
21.394
24.571
21.661
21.354
21.593
19.899
20.405
21.217
21.961
21.616
20.136
21.775
21.570
21.385
21.316
23.550
21.784
20.517
26.591
21.107
22.478
21.202
21.300
20.197
21.722
20.450
21.801
22.267
21.656
19.924
21.968
21.669
23.497
21.379
21.953
20.497
23.242
23.503
21.422
20.100
21.383
21.647
20.701
20.172
21.221
22.371
20.269
21.715
22.061
21.463
19.822
21.775
21.636
21.635
21.689
21.304
19.868
19.862
21.627
22.077
21.187
21.687
21.356
21.703
21.475
21.649
21.594
21.335
21.519
21.156
21.545
21.373
21.683
21.694
21.745
20.046
21.273
21.453
21.319
19.849
22.862
21.803
21.555
21.628
21.553
21.749
21.709
21.424
21.466
20.390
21.827
21.217
20.090
21.994
22.601
19.705
19.799
21.755
21.805
21.245
19.951
24.157
21.538
21.488
19.918
21.161
21.180
19.937
21.643
21.250
21.834
21.686
21.403
21.473
21.211
20.343
21.756
21.790
20.379
21.816
21.220
43.731
40.848
48.440
43.903
41.085
46.379
43.584
44.253
41.319
41.286
43.341
43.584
40.483
44.128
43.975
43.456
44.006
43.196
43.294
44.311
43.165
47.400
46.609
46.772
46.672
46.957
39.440
30.758
30.743
30.048
29.940
29.641
32.815
29.956
30.525
30.137
36.846
29.937
30.208
30.141
29.909
29.881
29.989
30.305
29.668
29.912
32.992
30.579
30.037
30.004
29.905
30.499
30.558
43.796
44.111
40.939
44.021
43.599
67.280
40.599
47.317
44.032
43.988
44.086
43.625
41.142
40.913
44.128
41.164
40.393
43.855
43.764
41.253
43.437
43.530
41.020
44.180
44.286
44.007
43.684
43.631
41.104
43.817
61.409
41.128
44.441
44.188
44.220
43.678
41.343
44.129
44.257
40.682
43.667
43.443
43.675
44.360
44.141
41.395
43.555
43.275
43.346
43.538
44.612
43.564
48.270
44.245
43.148
43.123
43.800
43.988
47.410
43.784
43.283
47.455
44.202
44.035
40.521
43.554
43.524
44.075
45.106
44.020
40.879
46.513
43.997
43.831
44.142
44.002
45.554
44.445
43.631
44.641
43.265
43.687
43.453
47.295
52.594
52.209
43.513
43.668
44.052
43.497
43.381
44.972
43.890
45.181
42.394
43.737
43.697
41.039
43.265
45.070
43.570
43.951
44.444
44.132
44.230
43.366
43.358
65.354
43.636
43.886
44.243
40.926
29.496
30.009
29.891
29.474
30.039
30.633
29.462
29.878
29.628
34.148
29.976
29.984
29.623
30.076
29.705
29.485
30.541
29.681
34.319
29.952
29.933
31.892
29.726
30.086
29.952
29.646
30.474
29.675
29.967
46.732
43.592
42.180
48.760
61.152
42.948
43.576
43.863
43.456
43.365
43.629
40.559
47.258
44.023
41.598
41.413
41.304
43.392
45.742
45.986
40.654
48.212
44.143
43.380
41.158
44.232
43.531
43.718
44.074
43.467
44.406
43.430
43.423
43.833
43.669
43.808
43.447
44.312
44.016
41.282
43.657
43.322
45.573
43.799
40.954
40.902
44.193
43.671
43.934
40.796
43.907
43.746
41.100
43.877
43.982
43.456
40.842
44.377
43.135
44.349
43.878
44.059
44.073
43.492
44.198
43.069
44.331
44.160
43.144
45.395
48.961
40.508
43.779
43.791
43.322
41.297
43.979
43.772
43.371
44.304
43.860
43.668
44.878
44.262
47.952
43.657
43.475
43.789
43.686
40.546
43.721
43.911
43.368
44.154
46.880
43.372
47.158
43.806
46.756
44.010
43.680
43.400
43.541
41.074
43.236
44.745
43.590
43.795
46.803
43.857
46.634
41.205
43.906
43.600
43.872
44.288
43.902
43.528
43.885
40.689
41.321
46.143
40.385
46.077
43.967
43.431
43.795
48.165
44.250
43.800
43.549
44.366
40.584
44.186
44.090
43.837
40.975
44.204
43.913
40.915
43.618
43.932
40.765
43.637
43.677
40.767
44.272
44.140
41.586
41.225
44.132
43.584
44.766
41.135
43.745
44.667
40.626
43.452
43.747
44.019
40.479
43.974
46.191
44.249
43.422
44.432
43.337
43.612
43.708
43.849
44.053
46.815
40.572
44.362
58.434
43.542
40.811
43.795
40.848
43.587
47.010
40.992
44.558
43.885
41.095
40.862
44.621
43.267
40.517
43.931
43.395
43.835
44.354
44.511
44.666
44.035
43.457
43.610
44.845
44.609
43.870
43.558
43.448
43.723
43.923
43.478
40.415
41.007
43.351
43.684
40.752
44.070
43.796
47.175
44.008
43.768
44.243
52.421
38.950
30.138
44.255
44.475
43.447
43.658
44.198
43.363
43.242
47.858
46.913
43.465
40.413
43.513
44.095
43.342
43.273
43.589
43.723
43.599
41.052
43.515
43.632
43.281
43.872
42.218
43.920
44.105
42.997
40.900
43.692
43.384
45.697
43.689
43.524
43.767
43.397
43.752
